L2A0-->Columns Header:, LevelCount, AutomataStep, AggregateState, Goal, StateDifference, DiversityCounter, LiveCellsCount, LiveCellsArea, LiveCellsDensity, StateId
3,1,0,1,0,1,------0,0,0.0,------1,
6,2,0,1,0,1,------0,0,0.0,------1,
9,3,0,1,0,1,------0,0,0.0,------1,
12,4,0,1,0,1,------0,0,0.0,------1,
15,5,0,1,0,1,------0,0,0.0,------1,
18,6,0,1,0,1,------0,0,0.0,------1,
21,7,0,1,0,1,------0,0,0.0,------1,
24,8,0,1,0,1,------0,0,0.0,------1,
27,9,0,1,0,1,------0,0,0.0,------1,
30,10,0,1,0,1,------0,0,0.0,------1,
33,11,0,1,0,1,------0,0,0.0,------1,
36,12,1,1,1,2,------1,0,2.1474836E7,------2,
39,13,1,1,0,2,------1,0,2.1474836E7,------2,
42,14,1,1,0,2,------1,0,2.1474836E7,------2,
45,15,1,1,0,2,------1,0,2.1474836E7,------2,
48,16,0,1,1,2,------0,0,0.0,------1,
51,17,0,1,0,2,------0,0,0.0,------1,
54,18,0,1,0,2,------0,0,0.0,------1,
57,19,0,1,0,2,------0,0,0.0,------1,
60,20,1,1,1,2,------1,0,2.1474836E7,------2,
63,21,1,1,0,2,------1,0,2.1474836E7,------2,
66,22,1,1,0,2,------1,0,2.1474836E7,------2,
69,23,1,1,0,2,------1,0,2.1474836E7,------2,
72,24,0,1,1,2,------0,0,0.0,------1,
75,25,0,1,0,2,------0,0,0.0,------1,
78,26,0,1,0,2,------0,0,0.0,------1,
81,27,0,1,0,2,------0,0,0.0,------1,
84,28,1,1,1,2,------1,0,2.1474836E7,------2,
87,29,1,1,0,2,------1,0,2.1474836E7,------2,
90,30,1,1,0,2,------1,0,2.1474836E7,------2,
93,31,1,1,0,2,------1,0,2.1474836E7,------2,
96,32,0,1,1,2,------0,0,0.0,------1,
99,33,0,1,0,2,------0,0,0.0,------1,
102,34,0,1,0,2,------0,0,0.0,------1,
105,35,0,1,0,2,------0,0,0.0,------1,
108,36,1,1,1,2,------1,0,2.1474836E7,------2,
111,37,1,1,0,2,------1,0,2.1474836E7,------2,
114,38,1,1,0,2,------1,0,2.1474836E7,------2,
117,39,1,1,0,2,------1,0,2.1474836E7,------2,
120,40,0,1,1,2,------0,0,0.0,------1,
123,41,0,1,0,2,------0,0,0.0,------1,
126,42,0,1,0,2,------0,0,0.0,------1,
129,43,0,1,0,2,------0,0,0.0,------1,
132,44,1,1,1,2,------1,0,2.1474836E7,------2,
135,45,1,1,0,2,------1,0,2.1474836E7,------2,
138,46,1,1,0,2,------1,0,2.1474836E7,------2,
141,47,1,1,0,2,------1,0,2.1474836E7,------2,
144,48,0,1,1,2,------0,0,0.0,------1,
147,49,0,1,0,2,------0,0,0.0,------1,
150,50,0,1,0,2,------0,0,0.0,------1,
153,51,0,1,0,2,------0,0,0.0,------1,
156,52,1,1,1,2,------1,0,2.1474836E7,------2,
159,53,1,1,0,2,------1,0,2.1474836E7,------2,
162,54,1,1,0,2,------1,0,2.1474836E7,------2,
165,55,1,1,0,2,------1,0,2.1474836E7,------2,
168,56,0,1,1,2,------0,0,0.0,------1,
171,57,0,1,0,2,------0,0,0.0,------1,
174,58,0,1,0,2,------0,0,0.0,------1,
177,59,0,1,0,2,------0,0,0.0,------1,
180,60,1,1,1,2,------1,0,2.1474836E7,------2,
183,61,1,1,0,2,------1,0,2.1474836E7,------2,
186,62,1,1,0,2,------1,0,2.1474836E7,------2,
189,63,1,1,0,2,------1,0,2.1474836E7,------2,
192,64,0,1,1,2,------0,0,0.0,------1,
195,65,0,1,0,2,------0,0,0.0,------1,
198,66,0,1,0,2,------0,0,0.0,------1,
201,67,0,1,0,2,------0,0,0.0,------1,
204,68,1,1,1,2,------1,0,2.1474836E7,------2,
207,69,1,1,0,2,------1,0,2.1474836E7,------2,
210,70,1,1,0,2,------1,0,2.1474836E7,------2,
213,71,1,1,0,2,------1,0,2.1474836E7,------2,
216,72,0,1,1,2,------0,0,0.0,------1,
219,73,0,1,0,2,------0,0,0.0,------1,
222,74,0,1,0,2,------0,0,0.0,------1,
225,75,0,1,0,2,------0,0,0.0,------1,
228,76,1,1,1,2,------1,0,2.1474836E7,------2,
231,77,1,1,0,2,------1,0,2.1474836E7,------2,
234,78,1,1,0,2,------1,0,2.1474836E7,------2,
237,79,1,1,0,2,------1,0,2.1474836E7,------2,
240,80,0,1,1,2,------0,0,0.0,------1,
243,81,0,1,0,2,------0,0,0.0,------1,
246,82,0,1,0,2,------0,0,0.0,------1,
249,83,0,1,0,2,------0,0,0.0,------1,
252,84,1,1,1,2,------1,0,2.1474836E7,------2,
255,85,1,1,0,2,------1,0,2.1474836E7,------2,
258,86,1,1,0,2,------1,0,2.1474836E7,------2,
261,87,1,1,0,2,------1,0,2.1474836E7,------2,
264,88,0,1,1,2,------0,0,0.0,------1,
267,89,0,1,0,2,------0,0,0.0,------1,
270,90,0,1,0,2,------0,0,0.0,------1,
273,91,0,1,0,2,------0,0,0.0,------1,
276,92,1,1,1,2,------1,0,2.1474836E7,------2,
279,93,1,1,0,2,------1,0,2.1474836E7,------2,
282,94,1,1,0,2,------1,0,2.1474836E7,------2,
285,95,1,1,0,2,------1,0,2.1474836E7,------2,
288,96,0,1,1,2,------0,0,0.0,------1,
291,97,0,1,0,2,------0,0,0.0,------1,
294,98,0,1,0,2,------0,0,0.0,------1,
297,99,0,1,0,2,------0,0,0.0,------1,
300,100,1,1,1,2,------1,0,2.1474836E7,------2,
303,101,1,1,0,2,------1,0,2.1474836E7,------2,
306,102,1,1,0,2,------1,0,2.1474836E7,------2,
309,103,1,1,0,2,------1,0,2.1474836E7,------2,
312,104,0,1,1,2,------0,0,0.0,------1,
315,105,0,1,0,2,------0,0,0.0,------1,
318,106,0,1,0,2,------0,0,0.0,------1,
321,107,0,1,0,2,------0,0,0.0,------1,
324,108,1,1,1,2,------1,0,2.1474836E7,------2,
327,109,1,1,0,2,------1,0,2.1474836E7,------2,
330,110,1,1,0,2,------1,0,2.1474836E7,------2,
333,111,1,1,0,2,------1,0,2.1474836E7,------2,
336,112,0,1,1,2,------0,0,0.0,------1,
339,113,0,1,0,2,------0,0,0.0,------1,
342,114,0,1,0,2,------0,0,0.0,------1,
345,115,0,1,0,2,------0,0,0.0,------1,
348,116,1,1,1,2,------1,0,2.1474836E7,------2,
351,117,1,1,0,2,------1,0,2.1474836E7,------2,
354,118,1,1,0,2,------1,0,2.1474836E7,------2,
357,119,1,1,0,2,------1,0,2.1474836E7,------2,
360,120,0,1,1,2,------0,0,0.0,------1,
363,121,0,1,0,2,------0,0,0.0,------1,
366,122,0,1,0,2,------0,0,0.0,------1,
369,123,0,1,0,2,------0,0,0.0,------1,
372,124,1,1,1,2,------1,0,2.1474836E7,------2,
375,125,1,1,0,2,------1,0,2.1474836E7,------2,
378,126,1,1,0,2,------1,0,2.1474836E7,------2,
381,127,1,1,0,2,------1,0,2.1474836E7,------2,
384,128,0,1,1,2,------0,0,0.0,------1,
387,129,0,1,0,2,------0,0,0.0,------1,
390,130,0,1,0,2,------0,0,0.0,------1,
393,131,0,1,0,2,------0,0,0.0,------1,
396,132,1,1,1,2,------1,0,2.1474836E7,------2,
399,133,1,1,0,2,------1,0,2.1474836E7,------2,
402,134,1,1,0,2,------1,0,2.1474836E7,------2,
405,135,1,1,0,2,------1,0,2.1474836E7,------2,
408,136,0,1,1,2,------0,0,0.0,------1,
411,137,0,1,0,2,------0,0,0.0,------1,
414,138,0,1,0,2,------0,0,0.0,------1,
417,139,0,1,0,2,------0,0,0.0,------1,
420,140,1,1,1,2,------1,0,2.1474836E7,------2,
423,141,1,1,0,2,------1,0,2.1474836E7,------2,
426,142,1,1,0,2,------1,0,2.1474836E7,------2,
429,143,1,1,0,2,------1,0,2.1474836E7,------2,
432,144,0,1,1,2,------0,0,0.0,------1,
435,145,0,1,0,2,------0,0,0.0,------1,
438,146,0,1,0,2,------0,0,0.0,------1,
441,147,0,1,0,2,------0,0,0.0,------1,
444,148,1,1,1,2,------1,0,2.1474836E7,------2,
447,149,1,1,0,2,------1,0,2.1474836E7,------2,
450,150,1,1,0,2,------1,0,2.1474836E7,------2,
453,151,1,1,0,2,------1,0,2.1474836E7,------2,
456,152,0,1,1,2,------0,0,0.0,------1,
459,153,0,1,0,2,------0,0,0.0,------1,
462,154,0,1,0,2,------0,0,0.0,------1,
465,155,0,1,0,2,------0,0,0.0,------1,
468,156,1,1,1,2,------1,0,2.1474836E7,------2,
471,157,1,1,0,2,------1,0,2.1474836E7,------2,
474,158,1,1,0,2,------1,0,2.1474836E7,------2,
477,159,1,1,0,2,------1,0,2.1474836E7,------2,
480,160,0,1,1,2,------0,0,0.0,------1,
483,161,0,1,0,2,------0,0,0.0,------1,
486,162,0,1,0,2,------0,0,0.0,------1,
489,163,0,1,0,2,------0,0,0.0,------1,
492,164,1,1,1,2,------1,0,2.1474836E7,------2,
495,165,1,1,0,2,------1,0,2.1474836E7,------2,
498,166,1,1,0,2,------1,0,2.1474836E7,------2,
501,167,1,1,0,2,------1,0,2.1474836E7,------2,
504,168,0,1,1,2,------0,0,0.0,------1,
507,169,0,1,0,2,------0,0,0.0,------1,
510,170,0,1,0,2,------0,0,0.0,------1,
513,171,0,1,0,2,------0,0,0.0,------1,
516,172,1,1,1,2,------1,0,2.1474836E7,------2,
519,173,1,1,0,2,------1,0,2.1474836E7,------2,
522,174,1,1,0,2,------1,0,2.1474836E7,------2,
525,175,1,1,0,2,------1,0,2.1474836E7,------2,
528,176,0,1,1,2,------0,0,0.0,------1,
531,177,0,1,0,2,------0,0,0.0,------1,
