L0A21-->Columns Header:, LevelCount, AutomataStep, AggregateState, Goal, StateDifference, DiversityCounter, LiveCellsCount, LiveCellsArea, LiveCellsDensity, StateId
1,1,0,1,0,1,------5,9,0.56,------1,
4,2,0,1,4,2,------9,25,0.36,------2,
7,3,0,1,12,3,------21,49,0.43,------3,
10,4,0,1,8,4,------29,81,0.36,------4,
13,5,0,1,12,5,------41,121,0.34,------5,
16,6,1,1,12,6,------53,169,0.31,------6,
19,7,1,1,36,7,------89,225,0.4,------7,
22,8,1,1,28,8,------117,289,0.4,------8,
25,9,1,1,12,9,------129,361,0.36,------9,
28,10,1,1,12,10,------141,441,0.32,------10,
31,11,1,1,32,11,------173,441,0.39,------11,
34,12,1,1,24,12,------197,441,0.45,------12,
37,13,1,1,24,13,------221,441,0.5,------13,
40,14,1,1,24,14,------245,441,0.56,------14,
43,15,1,1,64,15,------309,441,0.7,------15,
46,16,1,1,64,16,------373,441,0.85,------16,
49,17,1,1,0,16,------373,441,0.85,------16,
52,18,1,1,0,16,------373,441,0.85,------16,
55,19,1,1,0,16,------373,441,0.85,------16,
58,20,1,1,0,16,------373,441,0.85,------16,
61,21,1,1,0,16,------373,441,0.85,------16,
64,22,1,1,0,16,------373,441,0.85,------16,
67,23,1,1,0,16,------373,441,0.85,------16,
70,24,1,1,0,16,------373,441,0.85,------16,
73,25,1,1,0,16,------373,441,0.85,------16,
76,26,1,1,0,16,------373,441,0.85,------16,
79,27,1,1,0,16,------373,441,0.85,------16,
82,28,1,1,0,16,------373,441,0.85,------16,
85,29,1,1,0,16,------373,441,0.85,------16,
88,30,1,1,0,16,------373,441,0.85,------16,
91,31,1,1,0,16,------373,441,0.85,------16,
94,32,1,1,0,16,------373,441,0.85,------16,
97,33,1,1,0,16,------373,441,0.85,------16,
100,34,1,1,0,16,------373,441,0.85,------16,
103,35,1,1,0,16,------373,441,0.85,------16,
106,36,1,1,0,16,------373,441,0.85,------16,
109,37,1,1,0,16,------373,441,0.85,------16,
112,38,1,1,0,16,------373,441,0.85,------16,
115,39,1,1,0,16,------373,441,0.85,------16,
118,40,1,1,0,16,------373,441,0.85,------16,
121,41,1,1,0,16,------373,441,0.85,------16,
124,42,1,1,0,16,------373,441,0.85,------16,
127,43,1,1,0,16,------373,441,0.85,------16,
130,44,1,1,0,16,------373,441,0.85,------16,
133,45,1,1,0,16,------373,441,0.85,------16,
136,46,1,1,0,16,------373,441,0.85,------16,
139,47,1,1,0,16,------373,441,0.85,------16,
142,48,1,1,0,16,------373,441,0.85,------16,
145,49,1,1,0,16,------373,441,0.85,------16,
148,50,1,1,0,16,------373,441,0.85,------16,
151,51,1,1,0,16,------373,441,0.85,------16,
154,52,1,1,0,16,------373,441,0.85,------16,
157,53,1,1,0,16,------373,441,0.85,------16,
160,54,1,1,0,16,------373,441,0.85,------16,
163,55,1,1,0,16,------373,441,0.85,------16,
166,56,1,1,0,16,------373,441,0.85,------16,
169,57,1,1,0,16,------373,441,0.85,------16,
172,58,1,1,0,16,------373,441,0.85,------16,
175,59,1,1,0,16,------373,441,0.85,------16,
178,60,1,1,0,16,------373,441,0.85,------16,
181,61,1,1,0,16,------373,441,0.85,------16,
184,62,1,1,0,16,------373,441,0.85,------16,
187,63,1,1,0,16,------373,441,0.85,------16,
190,64,1,1,0,16,------373,441,0.85,------16,
193,65,1,1,0,16,------373,441,0.85,------16,
196,66,1,1,0,16,------373,441,0.85,------16,
199,67,1,1,0,16,------373,441,0.85,------16,
202,68,1,1,0,16,------373,441,0.85,------16,
205,69,1,1,0,16,------373,441,0.85,------16,
208,70,1,1,0,16,------373,441,0.85,------16,
211,71,1,1,0,16,------373,441,0.85,------16,
214,72,1,1,0,16,------373,441,0.85,------16,
217,73,1,1,0,16,------373,441,0.85,------16,
220,74,1,1,0,16,------373,441,0.85,------16,
223,75,1,1,0,16,------373,441,0.85,------16,
226,76,1,1,0,16,------373,441,0.85,------16,
229,77,1,1,0,16,------373,441,0.85,------16,
232,78,1,1,0,16,------373,441,0.85,------16,
235,79,1,1,0,16,------373,441,0.85,------16,
238,80,1,1,0,16,------373,441,0.85,------16,
241,81,1,1,0,16,------373,441,0.85,------16,
244,82,1,1,0,16,------373,441,0.85,------16,
247,83,1,1,0,16,------373,441,0.85,------16,
250,84,1,1,0,16,------373,441,0.85,------16,
253,85,1,1,0,16,------373,441,0.85,------16,
256,86,1,1,0,16,------373,441,0.85,------16,
259,87,1,1,0,16,------373,441,0.85,------16,
262,88,1,1,0,16,------373,441,0.85,------16,
265,89,1,1,0,16,------373,441,0.85,------16,
268,90,1,1,0,16,------373,441,0.85,------16,
271,91,1,1,0,16,------373,441,0.85,------16,
274,92,1,1,0,16,------373,441,0.85,------16,
277,93,1,1,0,16,------373,441,0.85,------16,
280,94,1,1,0,16,------373,441,0.85,------16,
283,95,1,1,0,16,------373,441,0.85,------16,
286,96,1,1,0,16,------373,441,0.85,------16,
289,97,1,1,0,16,------373,441,0.85,------16,
292,98,1,1,0,16,------373,441,0.85,------16,
295,99,1,1,0,16,------373,441,0.85,------16,
298,100,1,1,0,16,------373,441,0.85,------16,
301,101,1,1,0,16,------373,441,0.85,------16,
304,102,1,1,0,16,------373,441,0.85,------16,
307,103,1,1,0,16,------373,441,0.85,------16,
310,104,1,1,0,16,------373,441,0.85,------16,
313,105,1,1,0,16,------373,441,0.85,------16,
316,106,1,1,0,16,------373,441,0.85,------16,
319,107,1,1,0,16,------373,441,0.85,------16,
322,108,1,1,0,16,------373,441,0.85,------16,
325,109,1,1,0,16,------373,441,0.85,------16,
328,110,1,1,0,16,------373,441,0.85,------16,
331,111,1,1,0,16,------373,441,0.85,------16,
334,112,1,1,0,16,------373,441,0.85,------16,
337,113,1,1,0,16,------373,441,0.85,------16,
340,114,1,1,0,16,------373,441,0.85,------16,
343,115,1,1,0,16,------373,441,0.85,------16,
346,116,1,1,0,16,------373,441,0.85,------16,
349,117,1,1,0,16,------373,441,0.85,------16,
352,118,1,1,0,16,------373,441,0.85,------16,
355,119,1,1,0,16,------373,441,0.85,------16,
358,120,1,1,0,16,------373,441,0.85,------16,
361,121,1,1,0,16,------373,441,0.85,------16,
364,122,1,1,0,16,------373,441,0.85,------16,
367,123,1,1,0,16,------373,441,0.85,------16,
370,124,1,1,0,16,------373,441,0.85,------16,
373,125,1,1,0,16,------373,441,0.85,------16,
376,126,1,1,0,16,------373,441,0.85,------16,
379,127,1,1,0,16,------373,441,0.85,------16,
382,128,1,1,0,16,------373,441,0.85,------16,
385,129,1,1,0,16,------373,441,0.85,------16,
388,130,1,1,0,16,------373,441,0.85,------16,
391,131,1,1,0,16,------373,441,0.85,------16,
394,132,1,1,0,16,------373,441,0.85,------16,
397,133,1,1,0,16,------373,441,0.85,------16,
400,134,1,1,0,16,------373,441,0.85,------16,
403,135,1,1,0,16,------373,441,0.85,------16,
406,136,1,1,0,16,------373,441,0.85,------16,
409,137,1,1,0,16,------373,441,0.85,------16,
412,138,1,1,0,16,------373,441,0.85,------16,
415,139,1,1,0,16,------373,441,0.85,------16,
418,140,1,1,0,16,------373,441,0.85,------16,
421,141,1,1,0,16,------373,441,0.85,------16,
424,142,1,1,0,16,------373,441,0.85,------16,
427,143,1,1,0,16,------373,441,0.85,------16,
430,144,1,1,0,16,------373,441,0.85,------16,
433,145,1,1,0,16,------373,441,0.85,------16,
436,146,1,1,0,16,------373,441,0.85,------16,
439,147,1,1,0,16,------373,441,0.85,------16,
442,148,1,1,0,16,------373,441,0.85,------16,
445,149,1,1,0,16,------373,441,0.85,------16,
448,150,1,1,0,16,------373,441,0.85,------16,
451,151,1,1,0,16,------373,441,0.85,------16,
454,152,1,1,0,16,------373,441,0.85,------16,
457,153,1,1,0,16,------373,441,0.85,------16,
460,154,1,1,0,16,------373,441,0.85,------16,
463,155,1,1,0,16,------373,441,0.85,------16,
466,156,1,1,0,16,------373,441,0.85,------16,
469,157,1,1,0,16,------373,441,0.85,------16,
472,158,1,1,0,16,------373,441,0.85,------16,
475,159,1,1,0,16,------373,441,0.85,------16,
478,160,1,1,0,16,------373,441,0.85,------16,
481,161,1,1,0,16,------373,441,0.85,------16,
484,162,1,1,0,16,------373,441,0.85,------16,
487,163,1,1,0,16,------373,441,0.85,------16,
490,164,1,1,0,16,------373,441,0.85,------16,
493,165,1,1,0,16,------373,441,0.85,------16,
496,166,1,1,0,16,------373,441,0.85,------16,
499,167,1,1,0,16,------373,441,0.85,------16,
502,168,1,1,0,16,------373,441,0.85,------16,
505,169,1,1,0,16,------373,441,0.85,------16,
508,170,1,1,0,16,------373,441,0.85,------16,
511,171,1,1,0,16,------373,441,0.85,------16,
514,172,1,1,0,16,------373,441,0.85,------16,
517,173,1,1,0,16,------373,441,0.85,------16,
520,174,1,1,0,16,------373,441,0.85,------16,
523,175,1,1,0,16,------373,441,0.85,------16,
526,176,1,1,0,16,------373,441,0.85,------16,
529,177,1,1,0,16,------373,441,0.85,------16,
532,178,1,1,0,16,------373,441,0.85,------16,
535,179,1,1,0,16,------373,441,0.85,------16,
538,180,1,1,0,16,------373,441,0.85,------16,
541,181,1,1,0,16,------373,441,0.85,------16,
544,182,1,1,0,16,------373,441,0.85,------16,
547,183,1,1,0,16,------373,441,0.85,------16,
550,184,1,1,0,16,------373,441,0.85,------16,
553,185,1,1,0,16,------373,441,0.85,------16,
556,186,1,1,0,16,------373,441,0.85,------16,
559,187,1,1,0,16,------373,441,0.85,------16,
562,188,1,1,0,16,------373,441,0.85,------16,
565,189,1,1,0,16,------373,441,0.85,------16,
568,190,1,1,0,16,------373,441,0.85,------16,
571,191,1,1,0,16,------373,441,0.85,------16,
574,192,1,1,0,16,------373,441,0.85,------16,
577,193,1,1,0,16,------373,441,0.85,------16,
580,194,1,1,0,16,------373,441,0.85,------16,
583,195,1,1,0,16,------373,441,0.85,------16,
586,196,1,1,0,16,------373,441,0.85,------16,
589,197,1,1,0,16,------373,441,0.85,------16,
592,198,1,1,0,16,------373,441,0.85,------16,
595,199,1,1,0,16,------373,441,0.85,------16,
598,200,1,1,0,16,------373,441,0.85,------16,
601,201,1,1,0,16,------373,441,0.85,------16,
604,202,1,1,0,16,------373,441,0.85,------16,
607,203,1,1,0,16,------373,441,0.85,------16,
610,204,1,1,0,16,------373,441,0.85,------16,
613,205,1,1,0,16,------373,441,0.85,------16,
616,206,1,1,0,16,------373,441,0.85,------16,
619,207,1,1,0,16,------373,441,0.85,------16,
622,208,1,1,0,16,------373,441,0.85,------16,
625,209,1,1,0,16,------373,441,0.85,------16,
628,210,1,1,0,16,------373,441,0.85,------16,
631,211,1,1,0,16,------373,441,0.85,------16,
634,212,1,1,0,16,------373,441,0.85,------16,
637,213,1,1,0,16,------373,441,0.85,------16,
640,214,1,1,0,16,------373,441,0.85,------16,
643,215,1,1,0,16,------373,441,0.85,------16,
646,216,1,1,0,16,------373,441,0.85,------16,
649,217,1,1,0,16,------373,441,0.85,------16,
652,218,1,1,0,16,------373,441,0.85,------16,
655,219,1,1,0,16,------373,441,0.85,------16,
658,220,1,1,0,16,------373,441,0.85,------16,
661,221,1,1,0,16,------373,441,0.85,------16,
664,222,1,1,0,16,------373,441,0.85,------16,
667,223,1,1,0,16,------373,441,0.85,------16,
670,224,1,1,0,16,------373,441,0.85,------16,
673,225,1,1,0,16,------373,441,0.85,------16,
676,226,1,1,0,16,------373,441,0.85,------16,
679,227,1,1,0,16,------373,441,0.85,------16,
682,228,1,1,0,16,------373,441,0.85,------16,
685,229,1,1,0,16,------373,441,0.85,------16,
688,230,1,1,0,16,------373,441,0.85,------16,
691,231,1,1,0,16,------373,441,0.85,------16,
694,232,1,1,0,16,------373,441,0.85,------16,
697,233,1,1,0,16,------373,441,0.85,------16,
700,234,1,1,0,16,------373,441,0.85,------16,
703,235,1,1,0,16,------373,441,0.85,------16,
706,236,1,1,0,16,------373,441,0.85,------16,
709,237,1,1,0,16,------373,441,0.85,------16,
712,238,1,1,0,16,------373,441,0.85,------16,
715,239,1,1,0,16,------373,441,0.85,------16,
718,240,1,1,0,16,------373,441,0.85,------16,
721,241,1,1,0,16,------373,441,0.85,------16,
724,242,1,1,0,16,------373,441,0.85,------16,
727,243,1,1,0,16,------373,441,0.85,------16,
730,244,1,1,0,16,------373,441,0.85,------16,
733,245,1,1,0,16,------373,441,0.85,------16,
736,246,1,1,0,16,------373,441,0.85,------16,
739,247,1,1,0,16,------373,441,0.85,------16,
742,248,1,1,0,16,------373,441,0.85,------16,
745,249,1,1,0,16,------373,441,0.85,------16,
748,250,1,1,0,16,------373,441,0.85,------16,
751,251,1,1,0,16,------373,441,0.85,------16,
754,252,1,1,0,16,------373,441,0.85,------16,
757,253,1,1,0,16,------373,441,0.85,------16,
760,254,1,1,0,16,------373,441,0.85,------16,
763,255,1,1,0,16,------373,441,0.85,------16,
766,256,1,1,0,16,------373,441,0.85,------16,
769,257,1,1,0,16,------373,441,0.85,------16,
772,258,1,1,0,16,------373,441,0.85,------16,
775,259,1,1,0,16,------373,441,0.85,------16,
778,260,1,1,0,16,------373,441,0.85,------16,
781,261,1,1,0,16,------373,441,0.85,------16,
784,262,1,1,0,16,------373,441,0.85,------16,
787,263,1,1,0,16,------373,441,0.85,------16,
790,264,1,1,0,16,------373,441,0.85,------16,
793,265,1,1,0,16,------373,441,0.85,------16,
796,266,1,1,0,16,------373,441,0.85,------16,
799,267,1,1,0,16,------373,441,0.85,------16,
802,268,1,1,0,16,------373,441,0.85,------16,
805,269,1,1,0,16,------373,441,0.85,------16,
808,270,1,1,0,16,------373,441,0.85,------16,
811,271,1,1,0,16,------373,441,0.85,------16,
814,272,1,1,0,16,------373,441,0.85,------16,
817,273,1,1,0,16,------373,441,0.85,------16,
820,274,1,1,0,16,------373,441,0.85,------16,
823,275,1,1,0,16,------373,441,0.85,------16,
826,276,1,1,0,16,------373,441,0.85,------16,
829,277,1,1,0,16,------373,441,0.85,------16,
832,278,1,1,0,16,------373,441,0.85,------16,
835,279,1,1,0,16,------373,441,0.85,------16,
838,280,1,1,0,16,------373,441,0.85,------16,
841,281,1,1,0,16,------373,441,0.85,------16,
844,282,1,1,0,16,------373,441,0.85,------16,
847,283,1,1,0,16,------373,441,0.85,------16,
850,284,1,1,0,16,------373,441,0.85,------16,
853,285,1,1,0,16,------373,441,0.85,------16,
856,286,1,1,0,16,------373,441,0.85,------16,
859,287,1,1,0,16,------373,441,0.85,------16,
862,288,1,1,0,16,------373,441,0.85,------16,
865,289,1,1,0,16,------373,441,0.85,------16,
868,290,1,1,0,16,------373,441,0.85,------16,
871,291,1,1,0,16,------373,441,0.85,------16,
874,292,1,1,0,16,------373,441,0.85,------16,
877,293,1,1,0,16,------373,441,0.85,------16,
880,294,1,1,0,16,------373,441,0.85,------16,
883,295,1,1,0,16,------373,441,0.85,------16,
886,296,1,1,0,16,------373,441,0.85,------16,
889,297,1,1,0,16,------373,441,0.85,------16,
892,298,1,1,0,16,------373,441,0.85,------16,
895,299,1,1,0,16,------373,441,0.85,------16,
898,300,1,1,0,16,------373,441,0.85,------16,
901,301,1,1,0,16,------373,441,0.85,------16,
904,302,1,1,0,16,------373,441,0.85,------16,
907,303,1,1,0,16,------373,441,0.85,------16,
910,304,1,1,0,16,------373,441,0.85,------16,
913,305,1,1,0,16,------373,441,0.85,------16,
916,306,1,1,0,16,------373,441,0.85,------16,
919,307,1,1,0,16,------373,441,0.85,------16,
922,308,1,1,0,16,------373,441,0.85,------16,
925,309,1,1,0,16,------373,441,0.85,------16,
928,310,1,1,0,16,------373,441,0.85,------16,
931,311,1,1,0,16,------373,441,0.85,------16,
934,312,1,1,0,16,------373,441,0.85,------16,
937,313,1,1,0,16,------373,441,0.85,------16,
940,314,1,1,0,16,------373,441,0.85,------16,
943,315,1,1,0,16,------373,441,0.85,------16,
946,316,1,1,0,16,------373,441,0.85,------16,
949,317,1,1,0,16,------373,441,0.85,------16,
952,318,1,1,0,16,------373,441,0.85,------16,
955,319,1,1,0,16,------373,441,0.85,------16,
958,320,1,1,0,16,------373,441,0.85,------16,
961,321,1,1,0,16,------373,441,0.85,------16,
964,322,1,1,0,16,------373,441,0.85,------16,
967,323,1,1,0,16,------373,441,0.85,------16,
970,324,1,1,0,16,------373,441,0.85,------16,
973,325,1,1,0,16,------373,441,0.85,------16,
976,326,1,1,0,16,------373,441,0.85,------16,
979,327,1,1,0,16,------373,441,0.85,------16,
982,328,1,1,0,16,------373,441,0.85,------16,
985,329,1,1,0,16,------373,441,0.85,------16,
988,330,1,1,0,16,------373,441,0.85,------16,
991,331,1,1,0,16,------373,441,0.85,------16,
994,332,1,1,0,16,------373,441,0.85,------16,
997,333,1,1,0,16,------373,441,0.85,------16,
1000,334,1,1,0,16,------373,441,0.85,------16,
1003,335,1,1,0,16,------373,441,0.85,------16,
1006,336,1,1,0,16,------373,441,0.85,------16,
1009,337,1,1,0,16,------373,441,0.85,------16,
1012,338,1,1,0,16,------373,441,0.85,------16,
1015,339,1,1,0,16,------373,441,0.85,------16,
1018,340,1,1,0,16,------373,441,0.85,------16,
1021,341,1,1,0,16,------373,441,0.85,------16,
1024,342,1,1,0,16,------373,441,0.85,------16,
1027,343,1,1,0,16,------373,441,0.85,------16,
1030,344,1,1,0,16,------373,441,0.85,------16,
1033,345,1,1,0,16,------373,441,0.85,------16,
1036,346,1,1,0,16,------373,441,0.85,------16,
1039,347,1,1,0,16,------373,441,0.85,------16,
1042,348,1,1,0,16,------373,441,0.85,------16,
1045,349,1,1,0,16,------373,441,0.85,------16,
1048,350,1,1,0,16,------373,441,0.85,------16,
1051,351,1,1,0,16,------373,441,0.85,------16,
1054,352,1,1,0,16,------373,441,0.85,------16,
1057,353,1,1,0,16,------373,441,0.85,------16,
1060,354,1,1,0,16,------373,441,0.85,------16,
1063,355,1,1,0,16,------373,441,0.85,------16,
1066,356,1,1,0,16,------373,441,0.85,------16,
1069,357,1,1,0,16,------373,441,0.85,------16,
1072,358,1,1,0,16,------373,441,0.85,------16,
1075,359,1,1,0,16,------373,441,0.85,------16,
1078,360,1,1,0,16,------373,441,0.85,------16,
1081,361,1,1,0,16,------373,441,0.85,------16,
1084,362,1,1,0,16,------373,441,0.85,------16,
1087,363,1,1,0,16,------373,441,0.85,------16,
1090,364,1,1,0,16,------373,441,0.85,------16,
1093,365,1,1,0,16,------373,441,0.85,------16,
1096,366,1,1,0,16,------373,441,0.85,------16,
1099,367,1,1,0,16,------373,441,0.85,------16,
1102,368,1,1,0,16,------373,441,0.85,------16,
1105,369,1,1,0,16,------373,441,0.85,------16,
1108,370,1,1,0,16,------373,441,0.85,------16,
1111,371,1,1,0,16,------373,441,0.85,------16,
1114,372,1,1,0,16,------373,441,0.85,------16,
1117,373,1,1,0,16,------373,441,0.85,------16,
1120,374,1,1,0,16,------373,441,0.85,------16,
1123,375,1,1,0,16,------373,441,0.85,------16,
1126,376,1,1,0,16,------373,441,0.85,------16,
1129,377,1,1,0,16,------373,441,0.85,------16,
1132,378,1,1,0,16,------373,441,0.85,------16,
1135,379,1,1,0,16,------373,441,0.85,------16,
1138,380,1,1,0,16,------373,441,0.85,------16,
1141,381,1,1,0,16,------373,441,0.85,------16,
1144,382,1,1,0,16,------373,441,0.85,------16,
1147,383,1,1,0,16,------373,441,0.85,------16,
1150,384,1,1,0,16,------373,441,0.85,------16,
1153,385,1,1,0,16,------373,441,0.85,------16,
1156,386,1,1,0,16,------373,441,0.85,------16,
1159,387,1,1,0,16,------373,441,0.85,------16,
1162,388,1,1,0,16,------373,441,0.85,------16,
1165,389,1,1,0,16,------373,441,0.85,------16,
1168,390,1,1,0,16,------373,441,0.85,------16,
1171,391,1,1,0,16,------373,441,0.85,------16,
1174,392,1,1,0,16,------373,441,0.85,------16,
1177,393,1,1,0,16,------373,441,0.85,------16,
1180,394,1,1,0,16,------373,441,0.85,------16,
1183,395,1,1,0,16,------373,441,0.85,------16,
1186,396,1,1,0,16,------373,441,0.85,------16,
1189,397,1,1,0,16,------373,441,0.85,------16,
1192,398,1,1,0,16,------373,441,0.85,------16,
1195,399,1,1,0,16,------373,441,0.85,------16,
1198,400,1,1,0,16,------373,441,0.85,------16,
1201,401,1,1,0,16,------373,441,0.85,------16,
1204,402,1,1,0,16,------373,441,0.85,------16,
1207,403,1,1,0,16,------373,441,0.85,------16,
1210,404,1,1,0,16,------373,441,0.85,------16,
1213,405,1,1,0,16,------373,441,0.85,------16,
1216,406,1,1,0,16,------373,441,0.85,------16,
1219,407,1,1,0,16,------373,441,0.85,------16,
1222,408,1,1,0,16,------373,441,0.85,------16,
1225,409,1,1,0,16,------373,441,0.85,------16,
1228,410,1,1,0,16,------373,441,0.85,------16,
1231,411,1,1,0,16,------373,441,0.85,------16,
1234,412,1,1,0,16,------373,441,0.85,------16,
1237,413,1,1,0,16,------373,441,0.85,------16,
1240,414,1,1,0,16,------373,441,0.85,------16,
1243,415,1,1,0,16,------373,441,0.85,------16,
1246,416,1,1,0,16,------373,441,0.85,------16,
1249,417,1,1,0,16,------373,441,0.85,------16,
1252,418,1,1,0,16,------373,441,0.85,------16,
1255,419,1,1,0,16,------373,441,0.85,------16,
1258,420,1,1,0,16,------373,441,0.85,------16,
1261,421,1,1,0,16,------373,441,0.85,------16,
1264,422,1,1,0,16,------373,441,0.85,------16,
1267,423,1,1,0,16,------373,441,0.85,------16,
1270,424,1,1,0,16,------373,441,0.85,------16,
1273,425,1,1,0,16,------373,441,0.85,------16,
1276,426,1,1,0,16,------373,441,0.85,------16,
1279,427,1,1,0,16,------373,441,0.85,------16,
1282,428,1,1,0,16,------373,441,0.85,------16,
1285,429,1,1,0,16,------373,441,0.85,------16,
1288,430,1,1,0,16,------373,441,0.85,------16,
1291,431,1,1,0,16,------373,441,0.85,------16,
1294,432,1,1,0,16,------373,441,0.85,------16,
1297,433,1,1,0,16,------373,441,0.85,------16,
1300,434,1,1,0,16,------373,441,0.85,------16,
1303,435,1,1,0,16,------373,441,0.85,------16,
1306,436,1,1,0,16,------373,441,0.85,------16,
1309,437,1,1,0,16,------373,441,0.85,------16,
1312,438,1,1,0,16,------373,441,0.85,------16,
1315,439,1,1,0,16,------373,441,0.85,------16,
1318,440,1,1,0,16,------373,441,0.85,------16,
1321,441,1,1,0,16,------373,441,0.85,------16,
1324,442,1,1,0,16,------373,441,0.85,------16,
1327,443,1,1,0,16,------373,441,0.85,------16,
1330,444,1,1,0,16,------373,441,0.85,------16,
1333,445,1,1,0,16,------373,441,0.85,------16,
1336,446,1,1,0,16,------373,441,0.85,------16,
1339,447,1,1,0,16,------373,441,0.85,------16,
1342,448,1,1,0,16,------373,441,0.85,------16,
1345,449,1,1,0,16,------373,441,0.85,------16,
1348,450,1,1,0,16,------373,441,0.85,------16,
1351,451,1,1,0,16,------373,441,0.85,------16,
1354,452,1,1,0,16,------373,441,0.85,------16,
1357,453,1,1,0,16,------373,441,0.85,------16,
1360,454,1,1,0,16,------373,441,0.85,------16,
1363,455,1,1,0,16,------373,441,0.85,------16,
1366,456,1,1,0,16,------373,441,0.85,------16,
1369,457,1,1,0,16,------373,441,0.85,------16,
1372,458,1,1,0,16,------373,441,0.85,------16,
1375,459,1,1,0,16,------373,441,0.85,------16,
1378,460,1,1,0,16,------373,441,0.85,------16,
1381,461,1,1,0,16,------373,441,0.85,------16,
1384,462,1,1,0,16,------373,441,0.85,------16,
1387,463,1,1,0,16,------373,441,0.85,------16,
1390,464,1,1,0,16,------373,441,0.85,------16,
1393,465,1,1,0,16,------373,441,0.85,------16,
1396,466,1,1,0,16,------373,441,0.85,------16,
1399,467,1,1,0,16,------373,441,0.85,------16,
1402,468,1,1,0,16,------373,441,0.85,------16,
1405,469,1,1,0,16,------373,441,0.85,------16,
1408,470,1,1,0,16,------373,441,0.85,------16,
1411,471,1,1,0,16,------373,441,0.85,------16,
1414,472,1,1,0,16,------373,441,0.85,------16,
1417,473,1,1,0,16,------373,441,0.85,------16,
1420,474,1,1,0,16,------373,441,0.85,------16,
1423,475,1,1,0,16,------373,441,0.85,------16,
1426,476,1,1,0,16,------373,441,0.85,------16,
1429,477,1,1,0,16,------373,441,0.85,------16,
1432,478,1,1,0,16,------373,441,0.85,------16,
1435,479,1,1,0,16,------373,441,0.85,------16,
1438,480,1,1,0,16,------373,441,0.85,------16,
1441,481,1,1,0,16,------373,441,0.85,------16,
1444,482,1,1,0,16,------373,441,0.85,------16,
1447,483,1,1,0,16,------373,441,0.85,------16,
1450,484,1,1,0,16,------373,441,0.85,------16,
1453,485,1,1,0,16,------373,441,0.85,------16,
1456,486,1,1,0,16,------373,441,0.85,------16,
1459,487,1,1,0,16,------373,441,0.85,------16,
1462,488,1,1,0,16,------373,441,0.85,------16,
1465,489,1,1,0,16,------373,441,0.85,------16,
1468,490,1,1,0,16,------373,441,0.85,------16,
1471,491,1,1,0,16,------373,441,0.85,------16,
1474,492,1,1,0,16,------373,441,0.85,------16,
1477,493,1,1,0,16,------373,441,0.85,------16,
1480,494,1,1,0,16,------373,441,0.85,------16,
1483,495,1,1,0,16,------373,441,0.85,------16,
1486,496,1,1,0,16,------373,441,0.85,------16,
1489,497,1,1,0,16,------373,441,0.85,------16,
1492,498,1,1,0,16,------373,441,0.85,------16,
1495,499,1,1,0,16,------373,441,0.85,------16,
1498,500,1,1,0,16,------373,441,0.85,------16,
1501,501,1,1,0,16,------373,441,0.85,------16,
1504,502,1,1,0,16,------373,441,0.85,------16,
1507,503,1,1,0,16,------373,441,0.85,------16,
1510,504,1,1,0,16,------373,441,0.85,------16,
1513,505,1,1,0,16,------373,441,0.85,------16,
1516,506,1,1,0,16,------373,441,0.85,------16,
1519,507,1,1,0,16,------373,441,0.85,------16,
1522,508,1,1,0,16,------373,441,0.85,------16,
1525,509,1,1,0,16,------373,441,0.85,------16,
1528,510,1,1,0,16,------373,441,0.85,------16,
1531,511,1,1,0,16,------373,441,0.85,------16,
1534,512,1,1,0,16,------373,441,0.85,------16,
1537,513,1,1,0,16,------373,441,0.85,------16,
1540,514,1,1,0,16,------373,441,0.85,------16,
1543,515,1,1,0,16,------373,441,0.85,------16,
1546,516,1,1,0,16,------373,441,0.85,------16,
1549,517,1,1,0,16,------373,441,0.85,------16,
1552,518,1,1,0,16,------373,441,0.85,------16,
1555,519,1,1,0,16,------373,441,0.85,------16,
1558,520,1,1,0,16,------373,441,0.85,------16,
1561,521,1,1,0,16,------373,441,0.85,------16,
1564,522,1,1,0,16,------373,441,0.85,------16,
1567,523,1,1,0,16,------373,441,0.85,------16,
1570,524,1,1,0,16,------373,441,0.85,------16,
1573,525,1,1,0,16,------373,441,0.85,------16,
1576,526,1,1,0,16,------373,441,0.85,------16,
1579,527,1,1,0,16,------373,441,0.85,------16,
1582,528,1,1,0,16,------373,441,0.85,------16,
1585,529,1,1,0,16,------373,441,0.85,------16,
1588,530,1,1,0,16,------373,441,0.85,------16,
1591,531,1,1,0,16,------373,441,0.85,------16,
1594,532,1,1,0,16,------373,441,0.85,------16,
1597,533,1,1,0,16,------373,441,0.85,------16,
1600,534,1,1,0,16,------373,441,0.85,------16,
1603,535,1,1,0,16,------373,441,0.85,------16,
1606,536,1,1,0,16,------373,441,0.85,------16,
1609,537,1,1,0,16,------373,441,0.85,------16,
1612,538,1,1,0,16,------373,441,0.85,------16,
1615,539,1,1,0,16,------373,441,0.85,------16,
1618,540,1,1,0,16,------373,441,0.85,------16,
1621,541,1,1,0,16,------373,441,0.85,------16,
1624,542,1,1,0,16,------373,441,0.85,------16,
1627,543,1,1,0,16,------373,441,0.85,------16,
1630,544,1,1,0,16,------373,441,0.85,------16,
1633,545,1,1,0,16,------373,441,0.85,------16,
1636,546,1,1,0,16,------373,441,0.85,------16,
1639,547,1,1,0,16,------373,441,0.85,------16,
1642,548,1,1,0,16,------373,441,0.85,------16,
1645,549,1,1,0,16,------373,441,0.85,------16,
1648,550,1,1,0,16,------373,441,0.85,------16,
1651,551,1,1,0,16,------373,441,0.85,------16,
1654,552,1,1,0,16,------373,441,0.85,------16,
1657,553,1,1,0,16,------373,441,0.85,------16,
1660,554,1,1,0,16,------373,441,0.85,------16,
1663,555,1,1,0,16,------373,441,0.85,------16,
1666,556,1,1,0,16,------373,441,0.85,------16,
1669,557,1,1,0,16,------373,441,0.85,------16,
1672,558,1,1,0,16,------373,441,0.85,------16,
1675,559,1,1,0,16,------373,441,0.85,------16,
1678,560,1,1,0,16,------373,441,0.85,------16,
1681,561,1,1,0,16,------373,441,0.85,------16,
1684,562,1,1,0,16,------373,441,0.85,------16,
1687,563,1,1,0,16,------373,441,0.85,------16,
1690,564,1,1,0,16,------373,441,0.85,------16,
1693,565,1,1,0,16,------373,441,0.85,------16,
1696,566,1,1,0,16,------373,441,0.85,------16,
1699,567,1,1,0,16,------373,441,0.85,------16,
1702,568,1,1,0,16,------373,441,0.85,------16,
1705,569,1,1,0,16,------373,441,0.85,------16,
1708,570,1,1,0,16,------373,441,0.85,------16,
1711,571,1,1,0,16,------373,441,0.85,------16,
1714,572,1,1,0,16,------373,441,0.85,------16,
1717,573,1,1,0,16,------373,441,0.85,------16,
1720,574,1,1,0,16,------373,441,0.85,------16,
1723,575,1,1,0,16,------373,441,0.85,------16,
1726,576,1,1,0,16,------373,441,0.85,------16,
1729,577,1,1,0,16,------373,441,0.85,------16,
1732,578,1,1,0,16,------373,441,0.85,------16,
1735,579,1,1,0,16,------373,441,0.85,------16,
1738,580,1,1,0,16,------373,441,0.85,------16,
1741,581,1,1,0,16,------373,441,0.85,------16,
1744,582,1,1,0,16,------373,441,0.85,------16,
1747,583,1,1,0,16,------373,441,0.85,------16,
1750,584,1,1,0,16,------373,441,0.85,------16,
1753,585,1,1,0,16,------373,441,0.85,------16,
1756,586,1,1,0,16,------373,441,0.85,------16,
1759,587,1,1,0,16,------373,441,0.85,------16,
1762,588,1,1,0,16,------373,441,0.85,------16,
1765,589,1,1,0,16,------373,441,0.85,------16,
1768,590,1,1,0,16,------373,441,0.85,------16,
1771,591,1,1,0,16,------373,441,0.85,------16,
1774,592,1,1,0,16,------373,441,0.85,------16,
1777,593,1,1,0,16,------373,441,0.85,------16,
1780,594,1,1,0,16,------373,441,0.85,------16,
1783,595,1,1,0,16,------373,441,0.85,------16,
1786,596,1,1,0,16,------373,441,0.85,------16,
1789,597,1,1,0,16,------373,441,0.85,------16,
1792,598,1,1,0,16,------373,441,0.85,------16,
1795,599,1,1,0,16,------373,441,0.85,------16,
1798,600,1,1,0,16,------373,441,0.85,------16,
1801,601,1,1,0,16,------373,441,0.85,------16,
1804,602,1,1,0,16,------373,441,0.85,------16,
1807,603,1,1,0,16,------373,441,0.85,------16,
1810,604,1,1,0,16,------373,441,0.85,------16,
1813,605,1,1,0,16,------373,441,0.85,------16,
1816,606,1,1,0,16,------373,441,0.85,------16,
1819,607,1,1,0,16,------373,441,0.85,------16,
1822,608,1,1,0,16,------373,441,0.85,------16,
1825,609,1,1,0,16,------373,441,0.85,------16,
1828,610,1,1,0,16,------373,441,0.85,------16,
1831,611,1,1,0,16,------373,441,0.85,------16,
1834,612,1,1,0,16,------373,441,0.85,------16,
1837,613,1,1,0,16,------373,441,0.85,------16,
1840,614,1,1,0,16,------373,441,0.85,------16,
1843,615,1,1,0,16,------373,441,0.85,------16,
1846,616,1,1,0,16,------373,441,0.85,------16,
1849,617,1,1,0,16,------373,441,0.85,------16,
1852,618,1,1,0,16,------373,441,0.85,------16,
1855,619,1,1,0,16,------373,441,0.85,------16,
1858,620,1,1,0,16,------373,441,0.85,------16,
1861,621,1,1,0,16,------373,441,0.85,------16,
1864,622,1,1,0,16,------373,441,0.85,------16,
1867,623,1,1,0,16,------373,441,0.85,------16,
1870,624,1,1,0,16,------373,441,0.85,------16,
1873,625,1,1,0,16,------373,441,0.85,------16,
1876,626,1,1,0,16,------373,441,0.85,------16,
1879,627,1,1,0,16,------373,441,0.85,------16,
1882,628,1,1,0,16,------373,441,0.85,------16,
1885,629,1,1,0,16,------373,441,0.85,------16,
1888,630,1,1,0,16,------373,441,0.85,------16,
1891,631,1,1,0,16,------373,441,0.85,------16,
1894,632,1,1,0,16,------373,441,0.85,------16,
1897,633,1,1,0,16,------373,441,0.85,------16,
1900,634,1,1,0,16,------373,441,0.85,------16,
1903,635,1,1,0,16,------373,441,0.85,------16,
1906,636,1,1,0,16,------373,441,0.85,------16,
1909,637,1,1,0,16,------373,441,0.85,------16,
1912,638,1,1,0,16,------373,441,0.85,------16,
1915,639,1,1,0,16,------373,441,0.85,------16,
1918,640,1,1,0,16,------373,441,0.85,------16,
1921,641,1,1,0,16,------373,441,0.85,------16,
1924,642,1,1,0,16,------373,441,0.85,------16,
1927,643,1,1,0,16,------373,441,0.85,------16,
1930,644,1,1,0,16,------373,441,0.85,------16,
1933,645,1,1,0,16,------373,441,0.85,------16,
1936,646,1,1,0,16,------373,441,0.85,------16,
1939,647,1,1,0,16,------373,441,0.85,------16,
1942,648,1,1,0,16,------373,441,0.85,------16,
1945,649,1,1,0,16,------373,441,0.85,------16,
1948,650,1,1,0,16,------373,441,0.85,------16,
1951,651,1,1,0,16,------373,441,0.85,------16,
1954,652,1,1,0,16,------373,441,0.85,------16,
1957,653,1,1,0,16,------373,441,0.85,------16,
1960,654,1,1,0,16,------373,441,0.85,------16,
1963,655,1,1,0,16,------373,441,0.85,------16,
1966,656,1,1,0,16,------373,441,0.85,------16,
1969,657,1,1,0,16,------373,441,0.85,------16,
1972,658,1,1,0,16,------373,441,0.85,------16,
1975,659,1,1,0,16,------373,441,0.85,------16,
1978,660,1,1,0,16,------373,441,0.85,------16,
1981,661,1,1,0,16,------373,441,0.85,------16,
1984,662,1,1,0,16,------373,441,0.85,------16,
1987,663,1,1,0,16,------373,441,0.85,------16,
1990,664,1,1,0,16,------373,441,0.85,------16,
1993,665,1,1,0,16,------373,441,0.85,------16,
1996,666,1,1,0,16,------373,441,0.85,------16,
1999,667,1,1,0,16,------373,441,0.85,------16,
2002,668,1,1,0,16,------373,441,0.85,------16,
2005,669,1,1,0,16,------373,441,0.85,------16,
2008,670,1,1,0,16,------373,441,0.85,------16,
2011,671,1,1,0,16,------373,441,0.85,------16,
2014,672,1,1,0,16,------373,441,0.85,------16,
2017,673,1,1,0,16,------373,441,0.85,------16,
2020,674,1,1,0,16,------373,441,0.85,------16,
2023,675,1,1,0,16,------373,441,0.85,------16,
2026,676,1,1,0,16,------373,441,0.85,------16,
2029,677,1,1,0,16,------373,441,0.85,------16,
2032,678,1,1,0,16,------373,441,0.85,------16,
2035,679,1,1,0,16,------373,441,0.85,------16,
2038,680,1,1,0,16,------373,441,0.85,------16,
2041,681,1,1,0,16,------373,441,0.85,------16,
2044,682,1,1,0,16,------373,441,0.85,------16,
2047,683,1,1,0,16,------373,441,0.85,------16,
2050,684,1,1,0,16,------373,441,0.85,------16,
2053,685,1,1,0,16,------373,441,0.85,------16,
2056,686,1,1,0,16,------373,441,0.85,------16,
2059,687,1,1,0,16,------373,441,0.85,------16,
2062,688,1,1,0,16,------373,441,0.85,------16,
2065,689,1,1,0,16,------373,441,0.85,------16,
2068,690,1,1,0,16,------373,441,0.85,------16,
2071,691,1,1,0,16,------373,441,0.85,------16,
2074,692,1,1,0,16,------373,441,0.85,------16,
2077,693,1,1,0,16,------373,441,0.85,------16,
2080,694,1,1,0,16,------373,441,0.85,------16,
2083,695,1,1,0,16,------373,441,0.85,------16,
2086,696,1,1,0,16,------373,441,0.85,------16,
2089,697,1,1,0,16,------373,441,0.85,------16,
2092,698,1,1,0,16,------373,441,0.85,------16,
2095,699,1,1,0,16,------373,441,0.85,------16,
2098,700,1,1,0,16,------373,441,0.85,------16,
2101,701,1,1,0,16,------373,441,0.85,------16,
2104,702,1,1,0,16,------373,441,0.85,------16,
2107,703,1,1,0,16,------373,441,0.85,------16,
2110,704,1,1,0,16,------373,441,0.85,------16,
2113,705,1,1,0,16,------373,441,0.85,------16,
2116,706,1,1,0,16,------373,441,0.85,------16,
2119,707,1,1,0,16,------373,441,0.85,------16,
2122,708,1,1,0,16,------373,441,0.85,------16,
2125,709,1,1,0,16,------373,441,0.85,------16,
2128,710,1,1,0,16,------373,441,0.85,------16,
2131,711,1,1,0,16,------373,441,0.85,------16,
2134,712,1,1,0,16,------373,441,0.85,------16,
2137,713,1,1,0,16,------373,441,0.85,------16,
2140,714,1,1,0,16,------373,441,0.85,------16,
2143,715,1,1,0,16,------373,441,0.85,------16,
2146,716,1,1,0,16,------373,441,0.85,------16,
2149,717,1,1,0,16,------373,441,0.85,------16,
2152,718,1,1,0,16,------373,441,0.85,------16,
2155,719,1,1,0,16,------373,441,0.85,------16,
2158,720,1,1,0,16,------373,441,0.85,------16,
2161,721,1,1,0,16,------373,441,0.85,------16,
2164,722,1,1,0,16,------373,441,0.85,------16,
2167,723,1,1,0,16,------373,441,0.85,------16,
2170,724,1,1,0,16,------373,441,0.85,------16,
2173,725,1,1,0,16,------373,441,0.85,------16,
2176,726,1,1,0,16,------373,441,0.85,------16,
2179,727,1,1,0,16,------373,441,0.85,------16,
2182,728,1,1,0,16,------373,441,0.85,------16,
2185,729,1,1,0,16,------373,441,0.85,------16,
2188,730,1,1,0,16,------373,441,0.85,------16,
2191,731,1,1,0,16,------373,441,0.85,------16,
2194,732,1,1,0,16,------373,441,0.85,------16,
2197,733,1,1,0,16,------373,441,0.85,------16,
2200,734,1,1,0,16,------373,441,0.85,------16,
2203,735,1,1,0,16,------373,441,0.85,------16,
2206,736,1,1,0,16,------373,441,0.85,------16,
2209,737,1,1,0,16,------373,441,0.85,------16,
2212,738,1,1,0,16,------373,441,0.85,------16,
2215,739,1,1,0,16,------373,441,0.85,------16,
2218,740,1,1,0,16,------373,441,0.85,------16,
2221,741,1,1,0,16,------373,441,0.85,------16,
2224,742,1,1,0,16,------373,441,0.85,------16,
2227,743,1,1,0,16,------373,441,0.85,------16,
2230,744,1,1,0,16,------373,441,0.85,------16,
2233,745,1,1,0,16,------373,441,0.85,------16,
2236,746,1,1,0,16,------373,441,0.85,------16,
2239,747,1,1,0,16,------373,441,0.85,------16,
2242,748,1,1,0,16,------373,441,0.85,------16,
2245,749,1,1,0,16,------373,441,0.85,------16,
2248,750,1,1,0,16,------373,441,0.85,------16,
2251,751,1,1,0,16,------373,441,0.85,------16,
2254,752,1,1,0,16,------373,441,0.85,------16,
2257,753,1,1,0,16,------373,441,0.85,------16,
2260,754,1,1,0,16,------373,441,0.85,------16,
2263,755,1,1,0,16,------373,441,0.85,------16,
2266,756,1,1,0,16,------373,441,0.85,------16,
2269,757,1,1,0,16,------373,441,0.85,------16,
2272,758,1,1,0,16,------373,441,0.85,------16,
2275,759,1,1,0,16,------373,441,0.85,------16,
2278,760,1,1,0,16,------373,441,0.85,------16,
2281,761,1,1,0,16,------373,441,0.85,------16,
2284,762,1,1,0,16,------373,441,0.85,------16,
2287,763,1,1,0,16,------373,441,0.85,------16,
2290,764,1,1,0,16,------373,441,0.85,------16,
2293,765,1,1,0,16,------373,441,0.85,------16,
2296,766,1,1,0,16,------373,441,0.85,------16,
2299,767,1,1,0,16,------373,441,0.85,------16,
2302,768,1,1,0,16,------373,441,0.85,------16,
2305,769,1,1,0,16,------373,441,0.85,------16,
2308,770,1,1,0,16,------373,441,0.85,------16,
2311,771,1,1,0,16,------373,441,0.85,------16,
2314,772,1,1,0,16,------373,441,0.85,------16,
2317,773,1,1,0,16,------373,441,0.85,------16,
2320,774,1,1,0,16,------373,441,0.85,------16,
2323,775,1,1,0,16,------373,441,0.85,------16,
2326,776,1,1,0,16,------373,441,0.85,------16,
2329,777,1,1,0,16,------373,441,0.85,------16,
2332,778,1,1,0,16,------373,441,0.85,------16,
2335,779,1,1,0,16,------373,441,0.85,------16,
2338,780,1,1,0,16,------373,441,0.85,------16,
2341,781,1,1,0,16,------373,441,0.85,------16,
2344,782,1,1,0,16,------373,441,0.85,------16,
2347,783,1,1,0,16,------373,441,0.85,------16,
2350,784,1,1,0,16,------373,441,0.85,------16,
2353,785,1,1,0,16,------373,441,0.85,------16,
2356,786,1,1,0,16,------373,441,0.85,------16,
2359,787,1,1,0,16,------373,441,0.85,------16,
2362,788,1,1,0,16,------373,441,0.85,------16,
2365,789,1,1,0,16,------373,441,0.85,------16,
2368,790,1,1,0,16,------373,441,0.85,------16,
2371,791,1,1,0,16,------373,441,0.85,------16,
2374,792,1,1,0,16,------373,441,0.85,------16,
2377,793,1,1,0,16,------373,441,0.85,------16,
2380,794,1,1,0,16,------373,441,0.85,------16,
2383,795,1,1,0,16,------373,441,0.85,------16,
2386,796,1,1,0,16,------373,441,0.85,------16,
2389,797,1,1,0,16,------373,441,0.85,------16,
2392,798,1,1,0,16,------373,441,0.85,------16,
2395,799,1,1,0,16,------373,441,0.85,------16,
2398,800,1,1,0,16,------373,441,0.85,------16,
2401,801,1,1,0,16,------373,441,0.85,------16,
2404,802,1,1,0,16,------373,441,0.85,------16,
2407,803,1,1,0,16,------373,441,0.85,------16,
2410,804,1,1,0,16,------373,441,0.85,------16,
2413,805,1,1,0,16,------373,441,0.85,------16,
2416,806,1,1,0,16,------373,441,0.85,------16,
2419,807,1,1,0,16,------373,441,0.85,------16,
2422,808,1,1,0,16,------373,441,0.85,------16,
2425,809,1,1,0,16,------373,441,0.85,------16,
2428,810,1,1,0,16,------373,441,0.85,------16,
2431,811,1,1,0,16,------373,441,0.85,------16,
2434,812,1,1,0,16,------373,441,0.85,------16,
2437,813,1,1,0,16,------373,441,0.85,------16,
2440,814,1,1,0,16,------373,441,0.85,------16,
2443,815,1,1,0,16,------373,441,0.85,------16,
2446,816,1,1,0,16,------373,441,0.85,------16,
2449,817,1,1,0,16,------373,441,0.85,------16,
2452,818,1,1,0,16,------373,441,0.85,------16,
2455,819,1,1,0,16,------373,441,0.85,------16,
2458,820,1,1,0,16,------373,441,0.85,------16,
2461,821,1,1,0,16,------373,441,0.85,------16,
2464,822,1,1,0,16,------373,441,0.85,------16,
2467,823,1,1,0,16,------373,441,0.85,------16,
2470,824,1,1,0,16,------373,441,0.85,------16,
2473,825,1,1,0,16,------373,441,0.85,------16,
2476,826,1,1,0,16,------373,441,0.85,------16,
2479,827,1,1,0,16,------373,441,0.85,------16,
2482,828,1,1,0,16,------373,441,0.85,------16,
2485,829,1,1,0,16,------373,441,0.85,------16,
2488,830,1,1,0,16,------373,441,0.85,------16,
2491,831,1,1,0,16,------373,441,0.85,------16,
2494,832,1,1,0,16,------373,441,0.85,------16,
2497,833,1,1,0,16,------373,441,0.85,------16,
2500,834,1,1,0,16,------373,441,0.85,------16,
2503,835,1,1,0,16,------373,441,0.85,------16,
2506,836,1,1,0,16,------373,441,0.85,------16,
2509,837,1,1,0,16,------373,441,0.85,------16,
2512,838,1,1,0,16,------373,441,0.85,------16,
2515,839,1,1,0,16,------373,441,0.85,------16,
2518,840,1,1,0,16,------373,441,0.85,------16,
2521,841,1,1,0,16,------373,441,0.85,------16,
2524,842,1,1,0,16,------373,441,0.85,------16,
2527,843,1,1,0,16,------373,441,0.85,------16,
2530,844,1,1,0,16,------373,441,0.85,------16,
2533,845,1,1,0,16,------373,441,0.85,------16,
2536,846,1,1,0,16,------373,441,0.85,------16,
2539,847,1,1,0,16,------373,441,0.85,------16,
2542,848,1,1,0,16,------373,441,0.85,------16,
2545,849,1,1,0,16,------373,441,0.85,------16,
2548,850,1,1,0,16,------373,441,0.85,------16,
2551,851,1,1,0,16,------373,441,0.85,------16,
2554,852,1,1,0,16,------373,441,0.85,------16,
2557,853,1,1,0,16,------373,441,0.85,------16,
2560,854,1,1,0,16,------373,441,0.85,------16,
2563,855,1,1,0,16,------373,441,0.85,------16,
2566,856,1,1,0,16,------373,441,0.85,------16,
2569,857,1,1,0,16,------373,441,0.85,------16,
2572,858,1,1,0,16,------373,441,0.85,------16,
2575,859,1,1,0,16,------373,441,0.85,------16,
2578,860,1,1,0,16,------373,441,0.85,------16,
2581,861,1,1,0,16,------373,441,0.85,------16,
2584,862,1,1,0,16,------373,441,0.85,------16,
2587,863,1,1,0,16,------373,441,0.85,------16,
2590,864,1,1,0,16,------373,441,0.85,------16,
2593,865,1,1,0,16,------373,441,0.85,------16,
2596,866,1,1,0,16,------373,441,0.85,------16,
2599,867,1,1,0,16,------373,441,0.85,------16,
2602,868,1,1,0,16,------373,441,0.85,------16,
2605,869,1,1,0,16,------373,441,0.85,------16,
2608,870,1,1,0,16,------373,441,0.85,------16,
2611,871,1,1,0,16,------373,441,0.85,------16,
2614,872,1,1,0,16,------373,441,0.85,------16,
2617,873,1,1,0,16,------373,441,0.85,------16,
2620,874,1,1,0,16,------373,441,0.85,------16,
2623,875,1,1,0,16,------373,441,0.85,------16,
2626,876,1,1,0,16,------373,441,0.85,------16,
2629,877,1,1,0,16,------373,441,0.85,------16,
2632,878,1,1,0,16,------373,441,0.85,------16,
2635,879,1,1,0,16,------373,441,0.85,------16,
2638,880,1,1,0,16,------373,441,0.85,------16,
2641,881,1,1,0,16,------373,441,0.85,------16,
2644,882,1,1,0,16,------373,441,0.85,------16,
2647,883,1,1,0,16,------373,441,0.85,------16,
2650,884,1,1,0,16,------373,441,0.85,------16,
2653,885,1,1,0,16,------373,441,0.85,------16,
2656,886,1,1,0,16,------373,441,0.85,------16,
2659,887,1,1,0,16,------373,441,0.85,------16,
2662,888,1,1,0,16,------373,441,0.85,------16,
2665,889,1,1,0,16,------373,441,0.85,------16,
2668,890,1,1,0,16,------373,441,0.85,------16,
2671,891,1,1,0,16,------373,441,0.85,------16,
2674,892,1,1,0,16,------373,441,0.85,------16,
2677,893,1,1,0,16,------373,441,0.85,------16,
2680,894,1,1,0,16,------373,441,0.85,------16,
2683,895,1,1,0,16,------373,441,0.85,------16,
2686,896,1,1,0,16,------373,441,0.85,------16,
2689,897,1,1,0,16,------373,441,0.85,------16,
2692,898,1,1,0,16,------373,441,0.85,------16,
2695,899,1,1,0,16,------373,441,0.85,------16,
2698,900,1,1,0,16,------373,441,0.85,------16,
2701,901,1,1,0,16,------373,441,0.85,------16,
2704,902,1,1,0,16,------373,441,0.85,------16,
2707,903,1,1,0,16,------373,441,0.85,------16,
2710,904,1,1,0,16,------373,441,0.85,------16,
2713,905,1,1,0,16,------373,441,0.85,------16,
2716,906,1,1,0,16,------373,441,0.85,------16,
2719,907,1,1,0,16,------373,441,0.85,------16,
2722,908,1,1,0,16,------373,441,0.85,------16,
2725,909,1,1,0,16,------373,441,0.85,------16,
2728,910,1,1,0,16,------373,441,0.85,------16,
2731,911,1,1,0,16,------373,441,0.85,------16,
2734,912,1,1,0,16,------373,441,0.85,------16,
2737,913,1,1,0,16,------373,441,0.85,------16,
2740,914,1,1,0,16,------373,441,0.85,------16,
2743,915,1,1,0,16,------373,441,0.85,------16,
2746,916,1,1,0,16,------373,441,0.85,------16,
2749,917,1,1,0,16,------373,441,0.85,------16,
2752,918,1,1,0,16,------373,441,0.85,------16,
2755,919,1,1,0,16,------373,441,0.85,------16,
2758,920,1,1,0,16,------373,441,0.85,------16,
2761,921,1,1,0,16,------373,441,0.85,------16,
2764,922,1,1,0,16,------373,441,0.85,------16,
2767,923,1,1,0,16,------373,441,0.85,------16,
2770,924,1,1,0,16,------373,441,0.85,------16,
2773,925,1,1,0,16,------373,441,0.85,------16,
2776,926,1,1,0,16,------373,441,0.85,------16,
2779,927,1,1,0,16,------373,441,0.85,------16,
2782,928,1,1,0,16,------373,441,0.85,------16,
2785,929,1,1,0,16,------373,441,0.85,------16,
2788,930,1,1,0,16,------373,441,0.85,------16,
2791,931,1,1,0,16,------373,441,0.85,------16,
2794,932,1,1,0,16,------373,441,0.85,------16,
2797,933,1,1,0,16,------373,441,0.85,------16,
2800,934,1,1,0,16,------373,441,0.85,------16,
2803,935,1,1,0,16,------373,441,0.85,------16,
2806,936,1,1,0,16,------373,441,0.85,------16,
2809,937,1,1,0,16,------373,441,0.85,------16,
2812,938,1,1,0,16,------373,441,0.85,------16,
2815,939,1,1,0,16,------373,441,0.85,------16,
2818,940,1,1,0,16,------373,441,0.85,------16,
2821,941,1,1,0,16,------373,441,0.85,------16,
2824,942,1,1,0,16,------373,441,0.85,------16,
2827,943,1,1,0,16,------373,441,0.85,------16,
2830,944,1,1,0,16,------373,441,0.85,------16,
2833,945,1,1,0,16,------373,441,0.85,------16,
2836,946,1,1,0,16,------373,441,0.85,------16,
2839,947,1,1,0,16,------373,441,0.85,------16,
2842,948,1,1,0,16,------373,441,0.85,------16,
2845,949,1,1,0,16,------373,441,0.85,------16,
2848,950,1,1,0,16,------373,441,0.85,------16,
2851,951,1,1,0,16,------373,441,0.85,------16,
2854,952,1,1,0,16,------373,441,0.85,------16,
2857,953,1,1,0,16,------373,441,0.85,------16,
2860,954,1,1,0,16,------373,441,0.85,------16,
2863,955,1,1,0,16,------373,441,0.85,------16,
2866,956,1,1,0,16,------373,441,0.85,------16,
2869,957,1,1,0,16,------373,441,0.85,------16,
2872,958,1,1,0,16,------373,441,0.85,------16,
2875,959,1,1,0,16,------373,441,0.85,------16,
2878,960,1,1,0,16,------373,441,0.85,------16,
2881,961,1,1,0,16,------373,441,0.85,------16,
2884,962,1,1,0,16,------373,441,0.85,------16,
2887,963,1,1,0,16,------373,441,0.85,------16,
2890,964,1,1,0,16,------373,441,0.85,------16,
2893,965,1,1,0,16,------373,441,0.85,------16,
2896,966,1,1,0,16,------373,441,0.85,------16,
2899,967,1,1,0,16,------373,441,0.85,------16,
2902,968,1,1,0,16,------373,441,0.85,------16,
2905,969,1,1,0,16,------373,441,0.85,------16,
2908,970,1,1,0,16,------373,441,0.85,------16,
2911,971,1,1,0,16,------373,441,0.85,------16,
2914,972,1,1,0,16,------373,441,0.85,------16,
2917,973,1,1,0,16,------373,441,0.85,------16,
2920,974,1,1,0,16,------373,441,0.85,------16,
2923,975,1,1,0,16,------373,441,0.85,------16,
2926,976,1,1,0,16,------373,441,0.85,------16,
2929,977,1,1,0,16,------373,441,0.85,------16,
2932,978,1,1,0,16,------373,441,0.85,------16,
2935,979,1,1,0,16,------373,441,0.85,------16,
2938,980,1,1,0,16,------373,441,0.85,------16,
2941,981,1,1,0,16,------373,441,0.85,------16,
2944,982,1,1,0,16,------373,441,0.85,------16,
2947,983,1,1,0,16,------373,441,0.85,------16,
2950,984,1,1,0,16,------373,441,0.85,------16,
2953,985,1,1,0,16,------373,441,0.85,------16,
2956,986,1,1,0,16,------373,441,0.85,------16,
2959,987,1,1,0,16,------373,441,0.85,------16,
2962,988,1,1,0,16,------373,441,0.85,------16,
2965,989,1,1,0,16,------373,441,0.85,------16,
2968,990,1,1,0,16,------373,441,0.85,------16,
2971,991,1,1,0,16,------373,441,0.85,------16,
2974,992,1,1,0,16,------373,441,0.85,------16,
2977,993,1,1,0,16,------373,441,0.85,------16,
2980,994,1,1,0,16,------373,441,0.85,------16,
2983,995,1,1,0,16,------373,441,0.85,------16,
2986,996,1,1,0,16,------373,441,0.85,------16,
2989,997,1,1,0,16,------373,441,0.85,------16,
2992,998,1,1,0,16,------373,441,0.85,------16,
2995,999,1,1,0,16,------373,441,0.85,------16,
2998,1000,1,1,0,16,------373,441,0.85,------16,
3001,1001,1,1,0,16,------373,441,0.85,------16,
3004,1002,1,1,0,16,------373,441,0.85,------16,
3007,1003,1,1,0,16,------373,441,0.85,------16,
3010,1004,1,1,0,16,------373,441,0.85,------16,
3013,1005,1,1,0,16,------373,441,0.85,------16,
3016,1006,1,1,0,16,------373,441,0.85,------16,
3019,1007,1,1,0,16,------373,441,0.85,------16,
3022,1008,1,1,0,16,------373,441,0.85,------16,
3025,1009,1,1,0,16,------373,441,0.85,------16,
3028,1010,1,1,0,16,------373,441,0.85,------16,
3031,1011,1,1,0,16,------373,441,0.85,------16,
3034,1012,1,1,0,16,------373,441,0.85,------16,
3037,1013,1,1,0,16,------373,441,0.85,------16,
3040,1014,1,1,0,16,------373,441,0.85,------16,
3043,1015,1,1,0,16,------373,441,0.85,------16,
3046,1016,1,1,0,16,------373,441,0.85,------16,
3049,1017,1,1,0,16,------373,441,0.85,------16,
3052,1018,1,1,0,16,------373,441,0.85,------16,
3055,1019,1,1,0,16,------373,441,0.85,------16,
3058,1020,1,1,0,16,------373,441,0.85,------16,
3061,1021,1,1,0,16,------373,441,0.85,------16,
3064,1022,1,1,0,16,------373,441,0.85,------16,
3067,1023,1,1,0,16,------373,441,0.85,------16,
3070,1024,1,1,0,16,------373,441,0.85,------16,
3073,1025,1,1,0,16,------373,441,0.85,------16,
3076,1026,1,1,0,16,------373,441,0.85,------16,
3079,1027,1,1,0,16,------373,441,0.85,------16,
3082,1028,1,1,0,16,------373,441,0.85,------16,
3085,1029,1,1,0,16,------373,441,0.85,------16,
3088,1030,1,1,0,16,------373,441,0.85,------16,
3091,1031,1,1,0,16,------373,441,0.85,------16,
3094,1032,1,1,0,16,------373,441,0.85,------16,
3097,1033,1,1,0,16,------373,441,0.85,------16,
3100,1034,1,1,0,16,------373,441,0.85,------16,
3103,1035,1,1,0,16,------373,441,0.85,------16,
3106,1036,1,1,0,16,------373,441,0.85,------16,
3109,1037,1,1,0,16,------373,441,0.85,------16,
3112,1038,1,1,0,16,------373,441,0.85,------16,
3115,1039,1,1,0,16,------373,441,0.85,------16,
3118,1040,1,1,0,16,------373,441,0.85,------16,
3121,1041,1,1,0,16,------373,441,0.85,------16,
3124,1042,1,1,0,16,------373,441,0.85,------16,
3127,1043,1,1,0,16,------373,441,0.85,------16,
3130,1044,1,1,0,16,------373,441,0.85,------16,
3133,1045,1,1,0,16,------373,441,0.85,------16,
3136,1046,1,1,0,16,------373,441,0.85,------16,
3139,1047,1,1,0,16,------373,441,0.85,------16,
3142,1048,1,1,0,16,------373,441,0.85,------16,
3145,1049,1,1,0,16,------373,441,0.85,------16,
3148,1050,1,1,0,16,------373,441,0.85,------16,
3151,1051,1,1,0,16,------373,441,0.85,------16,
3154,1052,1,1,0,16,------373,441,0.85,------16,
3157,1053,1,1,0,16,------373,441,0.85,------16,
3160,1054,1,1,0,16,------373,441,0.85,------16,
3163,1055,1,1,0,16,------373,441,0.85,------16,
3166,1056,1,1,0,16,------373,441,0.85,------16,
3169,1057,1,1,0,16,------373,441,0.85,------16,
3172,1058,1,1,0,16,------373,441,0.85,------16,
3175,1059,1,1,0,16,------373,441,0.85,------16,
3178,1060,1,1,0,16,------373,441,0.85,------16,
3181,1061,1,1,0,16,------373,441,0.85,------16,
3184,1062,1,1,0,16,------373,441,0.85,------16,
3187,1063,1,1,0,16,------373,441,0.85,------16,
3190,1064,1,1,0,16,------373,441,0.85,------16,
3193,1065,1,1,0,16,------373,441,0.85,------16,
3196,1066,1,1,0,16,------373,441,0.85,------16,
3199,1067,1,1,0,16,------373,441,0.85,------16,
3202,1068,1,1,0,16,------373,441,0.85,------16,
3205,1069,1,1,0,16,------373,441,0.85,------16,
3208,1070,1,1,0,16,------373,441,0.85,------16,
3211,1071,1,1,0,16,------373,441,0.85,------16,
3214,1072,1,1,0,16,------373,441,0.85,------16,
3217,1073,1,1,0,16,------373,441,0.85,------16,
3220,1074,1,1,0,16,------373,441,0.85,------16,
3223,1075,1,1,0,16,------373,441,0.85,------16,
3226,1076,1,1,0,16,------373,441,0.85,------16,
3229,1077,1,1,0,16,------373,441,0.85,------16,
3232,1078,1,1,0,16,------373,441,0.85,------16,
3235,1079,1,1,0,16,------373,441,0.85,------16,
3238,1080,1,1,0,16,------373,441,0.85,------16,
3241,1081,1,1,0,16,------373,441,0.85,------16,
3244,1082,1,1,0,16,------373,441,0.85,------16,
3247,1083,1,1,0,16,------373,441,0.85,------16,
3250,1084,1,1,0,16,------373,441,0.85,------16,
3253,1085,1,1,0,16,------373,441,0.85,------16,
3256,1086,1,1,0,16,------373,441,0.85,------16,
3259,1087,1,1,0,16,------373,441,0.85,------16,
3262,1088,1,1,0,16,------373,441,0.85,------16,
3265,1089,1,1,0,16,------373,441,0.85,------16,
3268,1090,1,1,0,16,------373,441,0.85,------16,
3271,1091,1,1,0,16,------373,441,0.85,------16,
3274,1092,1,1,0,16,------373,441,0.85,------16,
3277,1093,1,1,0,16,------373,441,0.85,------16,
3280,1094,1,1,0,16,------373,441,0.85,------16,
3283,1095,1,1,0,16,------373,441,0.85,------16,
3286,1096,1,1,0,16,------373,441,0.85,------16,
3289,1097,1,1,0,16,------373,441,0.85,------16,
3292,1098,1,1,0,16,------373,441,0.85,------16,
3295,1099,1,1,0,16,------373,441,0.85,------16,
3298,1100,1,1,0,16,------373,441,0.85,------16,
3301,1101,1,1,0,16,------373,441,0.85,------16,
3304,1102,1,1,0,16,------373,441,0.85,------16,
3307,1103,1,1,0,16,------373,441,0.85,------16,
3310,1104,1,1,0,16,------373,441,0.85,------16,
3313,1105,1,1,0,16,------373,441,0.85,------16,
3316,1106,1,1,0,16,------373,441,0.85,------16,
3319,1107,1,1,0,16,------373,441,0.85,------16,
3322,1108,1,1,0,16,------373,441,0.85,------16,
3325,1109,1,1,0,16,------373,441,0.85,------16,
3328,1110,1,1,0,16,------373,441,0.85,------16,
3331,1111,1,1,0,16,------373,441,0.85,------16,
3334,1112,1,1,0,16,------373,441,0.85,------16,
3337,1113,1,1,0,16,------373,441,0.85,------16,
3340,1114,1,1,0,16,------373,441,0.85,------16,
3343,1115,1,1,0,16,------373,441,0.85,------16,
3346,1116,1,1,0,16,------373,441,0.85,------16,
3349,1117,1,1,0,16,------373,441,0.85,------16,
3352,1118,1,1,0,16,------373,441,0.85,------16,
3355,1119,1,1,0,16,------373,441,0.85,------16,
3358,1120,1,1,0,16,------373,441,0.85,------16,
3361,1121,1,1,0,16,------373,441,0.85,------16,
3364,1122,1,1,0,16,------373,441,0.85,------16,
3367,1123,1,1,0,16,------373,441,0.85,------16,
3370,1124,1,1,0,16,------373,441,0.85,------16,
3373,1125,1,1,0,16,------373,441,0.85,------16,
3376,1126,1,1,0,16,------373,441,0.85,------16,
3379,1127,1,1,0,16,------373,441,0.85,------16,
3382,1128,1,1,0,16,------373,441,0.85,------16,
3385,1129,1,1,0,16,------373,441,0.85,------16,
3388,1130,1,1,0,16,------373,441,0.85,------16,
3391,1131,1,1,0,16,------373,441,0.85,------16,
3394,1132,1,1,0,16,------373,441,0.85,------16,
3397,1133,1,1,0,16,------373,441,0.85,------16,
3400,1134,1,1,0,16,------373,441,0.85,------16,
3403,1135,1,1,0,16,------373,441,0.85,------16,
3406,1136,1,1,0,16,------373,441,0.85,------16,
3409,1137,1,1,0,16,------373,441,0.85,------16,
3412,1138,1,1,0,16,------373,441,0.85,------16,
3415,1139,1,1,0,16,------373,441,0.85,------16,
3418,1140,1,1,0,16,------373,441,0.85,------16,
3421,1141,1,1,0,16,------373,441,0.85,------16,
3424,1142,1,1,0,16,------373,441,0.85,------16,
3427,1143,1,1,0,16,------373,441,0.85,------16,
3430,1144,1,1,0,16,------373,441,0.85,------16,
3433,1145,1,1,0,16,------373,441,0.85,------16,
3436,1146,1,1,0,16,------373,441,0.85,------16,
3439,1147,1,1,0,16,------373,441,0.85,------16,
3442,1148,1,1,0,16,------373,441,0.85,------16,
3445,1149,1,1,0,16,------373,441,0.85,------16,
3448,1150,1,1,0,16,------373,441,0.85,------16,
3451,1151,1,1,0,16,------373,441,0.85,------16,
3454,1152,1,1,0,16,------373,441,0.85,------16,
3457,1153,1,1,0,16,------373,441,0.85,------16,
3460,1154,1,1,0,16,------373,441,0.85,------16,
3463,1155,1,1,0,16,------373,441,0.85,------16,
3466,1156,1,1,0,16,------373,441,0.85,------16,
3469,1157,1,1,0,16,------373,441,0.85,------16,
3472,1158,1,1,0,16,------373,441,0.85,------16,
3475,1159,1,1,0,16,------373,441,0.85,------16,
3478,1160,1,1,0,16,------373,441,0.85,------16,
3481,1161,1,1,0,16,------373,441,0.85,------16,
3484,1162,1,1,0,16,------373,441,0.85,------16,
3487,1163,1,1,0,16,------373,441,0.85,------16,
3490,1164,1,1,0,16,------373,441,0.85,------16,
3493,1165,1,1,0,16,------373,441,0.85,------16,
3496,1166,1,1,0,16,------373,441,0.85,------16,
3499,1167,1,1,0,16,------373,441,0.85,------16,
3502,1168,1,1,0,16,------373,441,0.85,------16,
3505,1169,1,1,0,16,------373,441,0.85,------16,
3508,1170,1,1,0,16,------373,441,0.85,------16,
3511,1171,1,1,0,16,------373,441,0.85,------16,
3514,1172,1,1,0,16,------373,441,0.85,------16,
3517,1173,1,1,0,16,------373,441,0.85,------16,
3520,1174,1,1,0,16,------373,441,0.85,------16,
3523,1175,1,1,0,16,------373,441,0.85,------16,
3526,1176,1,1,0,16,------373,441,0.85,------16,
3529,1177,1,1,0,16,------373,441,0.85,------16,
3532,1178,1,1,0,16,------373,441,0.85,------16,
