L0A5-->Columns Header:, LevelCount, AutomataStep, AggregateState, Goal, StateDifference, DiversityCounter, LiveCellsCount, LiveCellsArea, LiveCellsDensity, StateId
1,1,0,1,0,1,------5,9,0.56,------1,
4,2,0,1,4,2,------9,25,0.36,------2,
7,3,0,1,12,3,------21,49,0.43,------3,
10,4,0,1,8,4,------29,81,0.36,------4,
13,5,0,1,12,5,------41,121,0.34,------5,
16,6,1,1,12,6,------53,169,0.31,------6,
19,7,1,1,36,7,------89,225,0.4,------7,
22,8,1,1,28,8,------117,289,0.4,------8,
25,9,1,1,12,9,------129,361,0.36,------9,
28,10,1,1,12,10,------141,441,0.32,------10,
31,11,1,1,32,11,------173,441,0.39,------11,
34,12,1,1,24,12,------197,441,0.45,------12,
37,13,1,1,24,13,------221,441,0.5,------13,
40,14,1,1,24,14,------245,441,0.56,------14,
43,15,1,1,64,15,------309,441,0.7,------15,
46,16,1,0,136,16,------173,441,0.39,------16,
49,17,1,0,64,17,------109,361,0.3,------17,
52,18,1,0,20,18,------89,289,0.31,------18,
55,19,1,0,16,19,------73,225,0.32,------19,
58,20,1,0,12,20,------61,169,0.36,------20,
61,21,1,1,28,21,------89,225,0.4,------21,
64,22,1,1,40,22,------129,289,0.45,------22,
67,23,1,1,24,23,------153,361,0.42,------23,
70,24,1,1,24,24,------177,441,0.4,------24,
73,25,1,1,24,25,------201,441,0.46,------25,
76,26,1,0,56,26,------145,361,0.4,------26,
79,27,1,0,24,27,------121,169,0.72,------27,
82,28,1,0,12,28,------109,121,0.9,------28,
85,29,1,0,12,29,------97,121,0.8,------29,
88,30,1,0,16,30,------81,121,0.67,------30,
91,31,1,0,20,31,------61,121,0.5,------31,
94,32,0,0,20,32,------41,81,0.51,------32,
97,33,0,0,16,33,------25,49,0.51,------33,
100,34,0,0,12,34,------13,25,0.52,------34,
103,35,0,0,8,34,------5,9,0.56,------1,
106,36,0,1,4,34,------9,25,0.36,------2,
109,37,0,1,12,34,------21,49,0.43,------3,
112,38,0,1,8,34,------29,81,0.36,------4,
115,39,0,1,12,34,------41,121,0.34,------5,
118,40,1,1,12,34,------53,169,0.31,------6,
121,41,1,1,36,34,------89,225,0.4,------7,
124,42,1,1,28,34,------117,289,0.4,------8,
127,43,1,1,12,34,------129,361,0.36,------9,
130,44,1,1,12,34,------141,441,0.32,------10,
133,45,1,1,32,34,------173,441,0.39,------11,
136,46,1,0,72,35,------101,441,0.23,------35,
139,47,1,0,40,35,------61,121,0.5,------31,
142,48,0,0,20,35,------41,81,0.51,------32,
145,49,0,0,16,35,------25,49,0.51,------33,
148,50,0,0,12,35,------13,25,0.52,------34,
151,51,0,1,4,36,------17,49,0.35,------36,
154,52,0,1,12,37,------29,81,0.36,------37,
157,53,0,1,12,38,------41,121,0.34,------38,
160,54,1,1,20,39,------61,169,0.36,------39,
163,55,1,1,20,40,------81,225,0.36,------40,
166,56,1,1,24,41,------105,289,0.36,------41,
169,57,1,1,28,42,------133,361,0.37,------42,
172,58,1,1,24,43,------157,441,0.36,------43,
175,59,1,1,16,44,------173,441,0.39,------44,
178,60,1,1,16,45,------189,441,0.43,------45,
181,61,1,1,24,46,------213,441,0.48,------46,
184,62,1,1,40,47,------253,441,0.57,------47,
187,63,1,1,32,48,------285,441,0.65,------48,
190,64,1,1,12,49,------297,441,0.67,------49,
193,65,1,1,16,50,------313,441,0.71,------50,
196,66,1,0,96,51,------217,441,0.49,------51,
199,67,1,0,72,52,------145,361,0.4,------52,
202,68,1,0,41,53,------104,361,0.29,------53,
205,69,1,0,36,54,------68,361,0.19,------54,
208,70,0,0,36,55,------32,361,0.09,------55,
211,71,1,1,48,56,------80,441,0.18,------56,
214,72,1,1,56,57,------136,441,0.31,------57,
217,73,1,1,57,58,------193,441,0.44,------58,
220,74,1,1,36,59,------229,441,0.52,------59,
223,75,1,1,40,60,------269,441,0.61,------60,
226,76,1,1,52,61,------321,441,0.73,------61,
229,77,1,1,36,62,------357,441,0.81,------62,
232,78,1,1,0,62,------357,441,0.81,------62,
235,79,1,1,0,62,------357,441,0.81,------62,
238,80,1,1,0,62,------357,441,0.81,------62,
241,81,1,0,40,63,------317,441,0.72,------63,
244,82,1,0,28,64,------289,361,0.8,------64,
247,83,1,0,16,65,------273,361,0.76,------65,
250,84,1,0,24,66,------249,361,0.69,------66,
253,85,1,0,32,67,------217,361,0.6,------67,
256,86,1,1,12,68,------229,441,0.52,------68,
259,87,1,1,8,69,------237,441,0.54,------69,
262,88,1,1,8,70,------245,441,0.56,------70,
265,89,1,1,16,71,------261,441,0.59,------71,
268,90,1,1,16,72,------277,441,0.63,------72,
271,91,1,1,16,73,------293,441,0.66,------73,
274,92,1,1,16,74,------309,441,0.7,------74,
277,93,1,1,40,75,------349,441,0.79,------75,
280,94,1,1,40,76,------389,441,0.88,------76,
283,95,1,1,0,76,------389,441,0.88,------76,
286,96,1,0,44,77,------345,441,0.78,------77,
289,97,1,0,24,78,------321,441,0.73,------78,
292,98,1,0,16,79,------305,441,0.69,------79,
295,99,1,0,8,80,------297,441,0.67,------80,
298,100,1,0,8,81,------289,441,0.66,------81,
301,101,1,1,32,82,------321,441,0.73,------82,
304,102,1,1,36,83,------357,441,0.81,------83,
307,103,1,1,20,84,------377,441,0.85,------84,
310,104,1,1,20,85,------397,441,0.9,------85,
313,105,1,1,4,86,------401,441,0.91,------86,
316,106,1,0,32,87,------369,441,0.84,------87,
319,107,1,0,20,88,------349,441,0.79,------88,
322,108,1,0,24,89,------325,441,0.74,------89,
325,109,1,0,24,90,------301,361,0.83,------90,
328,110,1,0,24,91,------277,361,0.77,------91,
331,111,1,1,28,92,------305,441,0.69,------92,
334,112,1,1,8,93,------313,441,0.71,------93,
337,113,1,1,8,94,------321,441,0.73,------94,
340,114,1,1,16,95,------337,441,0.76,------95,
343,115,1,1,16,96,------353,441,0.8,------96,
346,116,1,0,36,97,------317,441,0.72,------97,
349,117,1,0,16,98,------301,441,0.68,------98,
352,118,1,0,12,98,------289,441,0.66,------81,
355,119,1,0,16,99,------273,441,0.62,------99,
358,120,1,0,24,100,------249,441,0.56,------100,
361,121,1,0,32,101,------217,441,0.49,------101,
364,122,1,0,36,102,------181,361,0.5,------102,
367,123,1,0,36,103,------145,289,0.5,------103,
370,124,1,0,32,104,------113,225,0.5,------104,
373,125,1,0,28,105,------85,169,0.5,------105,
376,126,1,1,4,106,------89,225,0.4,------106,
379,127,1,1,12,107,------101,289,0.35,------107,
382,128,1,1,12,108,------113,361,0.31,------108,
385,129,1,1,36,109,------149,441,0.34,------109,
388,130,1,1,24,110,------173,441,0.39,------110,
391,131,1,0,56,111,------117,361,0.32,------111,
394,132,1,0,28,111,------89,289,0.31,------18,
397,133,1,0,16,111,------73,225,0.32,------19,
400,134,1,0,12,111,------61,169,0.36,------20,
403,135,1,0,12,112,------49,121,0.4,------112,
406,136,1,1,20,113,------69,169,0.41,------113,
409,137,1,1,32,114,------101,225,0.45,------114,
412,138,1,1,16,114,------117,289,0.4,------8,
415,139,1,1,12,114,------129,361,0.36,------9,
418,140,1,1,12,114,------141,441,0.32,------10,
421,141,1,0,52,115,------89,289,0.31,------115,
424,142,1,0,28,115,------61,121,0.5,------31,
427,143,0,0,20,115,------41,81,0.51,------32,
430,144,0,0,16,115,------25,49,0.51,------33,
433,145,0,0,12,115,------13,25,0.52,------34,
436,146,0,1,4,115,------17,49,0.35,------36,
439,147,0,1,12,115,------29,81,0.36,------37,
442,148,0,1,12,115,------41,121,0.34,------38,
445,149,1,1,20,115,------61,169,0.36,------39,
448,150,1,1,20,115,------81,225,0.36,------40,
451,151,1,1,24,115,------105,289,0.36,------41,
454,152,1,1,28,115,------133,361,0.37,------42,
457,153,1,1,24,115,------157,441,0.36,------43,
460,154,1,1,16,115,------173,441,0.39,------44,
463,155,1,1,16,115,------189,441,0.43,------45,
466,156,1,0,72,116,------117,361,0.32,------116,
469,157,1,0,48,117,------69,289,0.24,------117,
472,158,1,0,21,118,------48,289,0.17,------118,
475,159,0,0,16,119,------32,81,0.4,------119,
478,160,0,0,16,120,------16,81,0.2,------120,
481,161,0,1,24,121,------40,121,0.33,------121,
484,162,1,1,28,122,------68,169,0.4,------122,
487,163,1,1,25,123,------93,225,0.41,------123,
490,164,1,1,24,124,------117,289,0.4,------124,
493,165,1,1,28,125,------145,361,0.4,------125,
496,166,1,1,24,126,------169,441,0.38,------126,
499,167,1,1,16,127,------185,441,0.42,------127,
502,168,1,1,16,128,------201,441,0.46,------128,
505,169,1,1,24,129,------225,441,0.51,------129,
508,170,1,1,40,130,------265,441,0.6,------130,
511,171,1,0,88,131,------177,441,0.4,------131,
514,172,1,0,52,132,------125,289,0.43,------132,
517,173,1,0,24,133,------101,289,0.35,------133,
520,174,1,0,28,134,------73,289,0.25,------134,
523,175,1,0,28,135,------45,289,0.16,------135,
526,176,1,1,20,136,------65,361,0.18,------136,
529,177,1,1,20,137,------85,441,0.19,------137,
532,178,1,1,48,138,------133,441,0.3,------138,
535,179,1,1,44,139,------177,441,0.4,------139,
538,180,1,1,48,140,------225,441,0.51,------140,
541,181,1,1,32,141,------257,441,0.58,------141,
544,182,1,1,40,142,------297,441,0.67,------142,
547,183,1,1,20,143,------317,441,0.72,------143,
550,184,1,1,0,143,------317,441,0.72,------143,
553,185,1,1,0,143,------317,441,0.72,------143,
556,186,1,0,76,144,------241,441,0.55,------144,
559,187,1,0,40,145,------201,361,0.56,------145,
562,188,1,0,32,146,------169,361,0.47,------146,
565,189,1,0,32,147,------137,361,0.38,------147,
568,190,1,0,24,148,------113,361,0.31,------148,
571,191,1,1,52,149,------165,441,0.37,------149,
574,192,1,1,60,150,------225,441,0.51,------150,
577,193,1,1,44,151,------269,441,0.61,------151,
580,194,1,1,36,152,------305,441,0.69,------152,
583,195,1,1,28,153,------333,441,0.76,------153,
586,196,1,0,48,154,------285,441,0.65,------154,
589,197,1,0,24,155,------261,441,0.59,------155,
592,198,1,0,28,156,------233,361,0.65,------156,
595,199,1,0,28,157,------205,289,0.71,------157,
598,200,1,0,28,158,------177,289,0.61,------158,
601,201,1,1,12,159,------189,361,0.52,------159,
604,202,1,1,20,160,------209,441,0.47,------160,
607,203,1,1,8,161,------217,441,0.49,------161,
610,204,1,1,24,162,------241,441,0.55,------162,
613,205,1,1,16,163,------257,441,0.58,------163,
616,206,1,0,56,164,------201,441,0.46,------164,
619,207,1,0,24,165,------177,361,0.49,------165,
622,208,1,0,16,166,------161,361,0.45,------166,
625,209,1,0,20,167,------141,361,0.39,------167,
628,210,1,0,20,168,------121,289,0.42,------168,
631,211,1,0,20,169,------101,225,0.45,------169,
634,212,1,0,20,170,------81,169,0.48,------170,
637,213,1,0,20,170,------61,121,0.5,------31,
640,214,0,0,20,170,------41,81,0.51,------32,
643,215,0,0,16,170,------25,49,0.51,------33,
646,216,0,1,4,170,------29,81,0.36,------4,
649,217,0,1,12,170,------41,121,0.34,------5,
652,218,1,1,12,170,------53,169,0.31,------6,
655,219,1,1,36,170,------89,225,0.4,------7,
658,220,1,1,28,170,------117,289,0.4,------8,
661,221,1,1,12,170,------129,361,0.36,------9,
664,222,1,1,12,170,------141,441,0.32,------10,
667,223,1,1,32,170,------173,441,0.39,------11,
670,224,1,1,24,170,------197,441,0.45,------12,
673,225,1,1,24,170,------221,441,0.5,------13,
676,226,1,0,72,171,------149,441,0.34,------171,
679,227,1,0,40,171,------109,361,0.3,------17,
682,228,1,0,20,171,------89,289,0.31,------18,
685,229,1,0,16,171,------73,225,0.32,------19,
688,230,1,0,12,171,------61,169,0.36,------20,
691,231,1,1,28,171,------89,225,0.4,------21,
694,232,1,1,40,171,------129,289,0.45,------22,
697,233,1,1,24,171,------153,361,0.42,------23,
700,234,1,1,24,171,------177,441,0.4,------24,
703,235,1,1,24,171,------201,441,0.46,------25,
706,236,1,0,56,171,------145,361,0.4,------26,
709,237,1,0,24,171,------121,169,0.72,------27,
712,238,1,0,12,171,------109,121,0.9,------28,
715,239,1,0,12,171,------97,121,0.8,------29,
718,240,1,0,16,171,------81,121,0.67,------30,
721,241,1,0,20,171,------61,121,0.5,------31,
724,242,0,0,20,171,------41,81,0.51,------32,
727,243,0,0,16,171,------25,49,0.51,------33,
730,244,0,0,12,171,------13,25,0.52,------34,
733,245,0,0,8,171,------5,9,0.56,------1,
736,246,0,1,4,171,------9,25,0.36,------2,
739,247,0,1,12,171,------21,49,0.43,------3,
742,248,0,1,8,171,------29,81,0.36,------4,
745,249,0,1,12,171,------41,121,0.34,------5,
748,250,1,1,12,171,------53,169,0.31,------6,
751,251,1,1,36,171,------89,225,0.4,------7,
754,252,1,1,28,171,------117,289,0.4,------8,
757,253,1,1,12,171,------129,361,0.36,------9,
760,254,1,1,12,171,------141,441,0.32,------10,
763,255,1,1,32,171,------173,441,0.39,------11,
766,256,1,0,72,171,------101,441,0.23,------35,
769,257,1,0,40,171,------61,121,0.5,------31,
772,258,0,0,20,171,------41,81,0.51,------32,
775,259,0,0,16,171,------25,49,0.51,------33,
778,260,0,0,12,171,------13,25,0.52,------34,
781,261,0,1,4,171,------17,49,0.35,------36,
784,262,0,1,12,171,------29,81,0.36,------37,
787,263,0,1,12,171,------41,121,0.34,------38,
790,264,1,1,20,171,------61,169,0.36,------39,
793,265,1,1,20,171,------81,225,0.36,------40,
796,266,1,1,24,171,------105,289,0.36,------41,
799,267,1,1,28,171,------133,361,0.37,------42,
802,268,1,1,24,171,------157,441,0.36,------43,
805,269,1,1,16,171,------173,441,0.39,------44,
808,270,1,1,16,171,------189,441,0.43,------45,
811,271,1,1,24,171,------213,441,0.48,------46,
814,272,1,1,40,171,------253,441,0.57,------47,
817,273,1,1,32,171,------285,441,0.65,------48,
820,274,1,1,12,171,------297,441,0.67,------49,
823,275,1,1,16,171,------313,441,0.71,------50,
826,276,1,0,96,171,------217,441,0.49,------51,
829,277,1,0,72,171,------145,361,0.4,------52,
832,278,1,0,41,171,------104,361,0.29,------53,
835,279,1,0,36,171,------68,361,0.19,------54,
838,280,0,0,36,171,------32,361,0.09,------55,
841,281,1,1,48,171,------80,441,0.18,------56,
844,282,1,1,56,171,------136,441,0.31,------57,
847,283,1,1,57,171,------193,441,0.44,------58,
850,284,1,1,36,171,------229,441,0.52,------59,
853,285,1,1,40,171,------269,441,0.61,------60,
856,286,1,1,52,171,------321,441,0.73,------61,
859,287,1,1,36,171,------357,441,0.81,------62,
862,288,1,1,0,171,------357,441,0.81,------62,
865,289,1,1,0,171,------357,441,0.81,------62,
868,290,1,1,0,171,------357,441,0.81,------62,
871,291,1,0,40,171,------317,441,0.72,------63,
874,292,1,0,28,171,------289,361,0.8,------64,
877,293,1,0,16,171,------273,361,0.76,------65,
880,294,1,0,24,171,------249,361,0.69,------66,
883,295,1,0,32,171,------217,361,0.6,------67,
886,296,1,1,12,171,------229,441,0.52,------68,
889,297,1,1,8,171,------237,441,0.54,------69,
892,298,1,1,8,171,------245,441,0.56,------70,
895,299,1,1,16,171,------261,441,0.59,------71,
898,300,1,1,16,171,------277,441,0.63,------72,
901,301,1,1,16,171,------293,441,0.66,------73,
904,302,1,1,16,171,------309,441,0.7,------74,
907,303,1,1,40,171,------349,441,0.79,------75,
910,304,1,1,40,171,------389,441,0.88,------76,
913,305,1,1,0,171,------389,441,0.88,------76,
916,306,1,0,44,171,------345,441,0.78,------77,
919,307,1,0,24,171,------321,441,0.73,------78,
922,308,1,0,16,171,------305,441,0.69,------79,
925,309,1,0,8,171,------297,441,0.67,------80,
928,310,1,0,8,171,------289,441,0.66,------81,
931,311,1,1,32,171,------321,441,0.73,------82,
934,312,1,1,36,171,------357,441,0.81,------83,
937,313,1,1,20,171,------377,441,0.85,------84,
940,314,1,1,20,171,------397,441,0.9,------85,
943,315,1,1,4,171,------401,441,0.91,------86,
946,316,1,0,32,171,------369,441,0.84,------87,
949,317,1,0,20,171,------349,441,0.79,------88,
952,318,1,0,24,171,------325,441,0.74,------89,
955,319,1,0,24,171,------301,361,0.83,------90,
958,320,1,0,24,171,------277,361,0.77,------91,
961,321,1,1,28,171,------305,441,0.69,------92,
964,322,1,1,8,171,------313,441,0.71,------93,
967,323,1,1,8,171,------321,441,0.73,------94,
970,324,1,1,16,171,------337,441,0.76,------95,
973,325,1,1,16,171,------353,441,0.8,------96,
976,326,1,0,36,171,------317,441,0.72,------97,
979,327,1,0,16,171,------301,441,0.68,------98,
982,328,1,0,12,171,------289,441,0.66,------81,
985,329,1,0,16,171,------273,441,0.62,------99,
988,330,1,0,24,171,------249,441,0.56,------100,
991,331,1,0,32,171,------217,441,0.49,------101,
994,332,1,0,36,171,------181,361,0.5,------102,
997,333,1,0,36,171,------145,289,0.5,------103,
1000,334,1,0,32,171,------113,225,0.5,------104,
1003,335,1,0,28,171,------85,169,0.5,------105,
1006,336,1,1,4,171,------89,225,0.4,------106,
1009,337,1,1,12,171,------101,289,0.35,------107,
1012,338,1,1,12,171,------113,361,0.31,------108,
1015,339,1,1,36,171,------149,441,0.34,------109,
1018,340,1,1,24,171,------173,441,0.39,------110,
1021,341,1,0,56,171,------117,361,0.32,------111,
1024,342,1,0,28,171,------89,289,0.31,------18,
1027,343,1,0,16,171,------73,225,0.32,------19,
1030,344,1,0,12,171,------61,169,0.36,------20,
1033,345,1,0,12,171,------49,121,0.4,------112,
1036,346,1,1,20,171,------69,169,0.41,------113,
1039,347,1,1,32,171,------101,225,0.45,------114,
1042,348,1,1,16,171,------117,289,0.4,------8,
1045,349,1,1,12,171,------129,361,0.36,------9,
1048,350,1,1,12,171,------141,441,0.32,------10,
1051,351,1,0,52,171,------89,289,0.31,------115,
1054,352,1,0,28,171,------61,121,0.5,------31,
1057,353,0,0,20,171,------41,81,0.51,------32,
1060,354,0,0,16,171,------25,49,0.51,------33,
1063,355,0,0,12,171,------13,25,0.52,------34,
1066,356,0,1,4,171,------17,49,0.35,------36,
1069,357,0,1,12,171,------29,81,0.36,------37,
1072,358,0,1,12,171,------41,121,0.34,------38,
1075,359,1,1,20,171,------61,169,0.36,------39,
1078,360,1,1,20,171,------81,225,0.36,------40,
1081,361,1,1,24,171,------105,289,0.36,------41,
1084,362,1,1,28,171,------133,361,0.37,------42,
1087,363,1,1,24,171,------157,441,0.36,------43,
1090,364,1,1,16,171,------173,441,0.39,------44,
1093,365,1,1,16,171,------189,441,0.43,------45,
1096,366,1,0,72,171,------117,361,0.32,------116,
1099,367,1,0,48,171,------69,289,0.24,------117,
1102,368,1,0,21,171,------48,289,0.17,------118,
1105,369,0,0,16,171,------32,81,0.4,------119,
1108,370,0,0,16,171,------16,81,0.2,------120,
1111,371,0,1,24,171,------40,121,0.33,------121,
1114,372,1,1,28,171,------68,169,0.4,------122,
1117,373,1,1,25,171,------93,225,0.41,------123,
1120,374,1,1,24,171,------117,289,0.4,------124,
1123,375,1,1,28,171,------145,361,0.4,------125,
1126,376,1,1,24,171,------169,441,0.38,------126,
1129,377,1,1,16,171,------185,441,0.42,------127,
1132,378,1,1,16,171,------201,441,0.46,------128,
1135,379,1,1,24,171,------225,441,0.51,------129,
1138,380,1,1,40,171,------265,441,0.6,------130,
1141,381,1,0,88,171,------177,441,0.4,------131,
1144,382,1,0,52,171,------125,289,0.43,------132,
1147,383,1,0,24,171,------101,289,0.35,------133,
1150,384,1,0,28,171,------73,289,0.25,------134,
1153,385,1,0,28,171,------45,289,0.16,------135,
1156,386,1,1,20,171,------65,361,0.18,------136,
1159,387,1,1,20,171,------85,441,0.19,------137,
1162,388,1,1,48,171,------133,441,0.3,------138,
1165,389,1,1,44,171,------177,441,0.4,------139,
1168,390,1,1,48,171,------225,441,0.51,------140,
1171,391,1,1,32,171,------257,441,0.58,------141,
1174,392,1,1,40,171,------297,441,0.67,------142,
1177,393,1,1,20,171,------317,441,0.72,------143,
1180,394,1,1,0,171,------317,441,0.72,------143,
1183,395,1,1,0,171,------317,441,0.72,------143,
1186,396,1,0,76,171,------241,441,0.55,------144,
1189,397,1,0,40,171,------201,361,0.56,------145,
1192,398,1,0,32,171,------169,361,0.47,------146,
1195,399,1,0,32,171,------137,361,0.38,------147,
1198,400,1,0,24,171,------113,361,0.31,------148,
1201,401,1,1,52,171,------165,441,0.37,------149,
1204,402,1,1,60,171,------225,441,0.51,------150,
1207,403,1,1,44,171,------269,441,0.61,------151,
1210,404,1,1,36,171,------305,441,0.69,------152,
1213,405,1,1,28,171,------333,441,0.76,------153,
1216,406,1,0,48,171,------285,441,0.65,------154,
1219,407,1,0,24,171,------261,441,0.59,------155,
1222,408,1,0,28,171,------233,361,0.65,------156,
1225,409,1,0,28,171,------205,289,0.71,------157,
1228,410,1,0,28,171,------177,289,0.61,------158,
1231,411,1,1,12,171,------189,361,0.52,------159,
1234,412,1,1,20,171,------209,441,0.47,------160,
1237,413,1,1,8,171,------217,441,0.49,------161,
1240,414,1,1,24,171,------241,441,0.55,------162,
1243,415,1,1,16,171,------257,441,0.58,------163,
1246,416,1,0,56,171,------201,441,0.46,------164,
1249,417,1,0,24,171,------177,361,0.49,------165,
1252,418,1,0,16,171,------161,361,0.45,------166,
1255,419,1,0,20,171,------141,361,0.39,------167,
1258,420,1,0,20,171,------121,289,0.42,------168,
1261,421,1,0,20,171,------101,225,0.45,------169,
1264,422,1,0,20,171,------81,169,0.48,------170,
1267,423,1,0,20,171,------61,121,0.5,------31,
1270,424,0,0,20,171,------41,81,0.51,------32,
1273,425,0,0,16,171,------25,49,0.51,------33,
1276,426,0,1,4,171,------29,81,0.36,------4,
1279,427,0,1,12,171,------41,121,0.34,------5,
1282,428,1,1,12,171,------53,169,0.31,------6,
1285,429,1,1,36,171,------89,225,0.4,------7,
1288,430,1,1,28,171,------117,289,0.4,------8,
1291,431,1,1,12,171,------129,361,0.36,------9,
1294,432,1,1,12,171,------141,441,0.32,------10,
1297,433,1,1,32,171,------173,441,0.39,------11,
1300,434,1,1,24,171,------197,441,0.45,------12,
1303,435,1,1,24,171,------221,441,0.5,------13,
1306,436,1,0,72,171,------149,441,0.34,------171,
1309,437,1,0,40,171,------109,361,0.3,------17,
1312,438,1,0,20,171,------89,289,0.31,------18,
1315,439,1,0,16,171,------73,225,0.32,------19,
1318,440,1,0,12,171,------61,169,0.36,------20,
1321,441,1,1,28,171,------89,225,0.4,------21,
1324,442,1,1,40,171,------129,289,0.45,------22,
1327,443,1,1,24,171,------153,361,0.42,------23,
1330,444,1,1,24,171,------177,441,0.4,------24,
1333,445,1,1,24,171,------201,441,0.46,------25,
1336,446,1,0,56,171,------145,361,0.4,------26,
1339,447,1,0,24,171,------121,169,0.72,------27,
1342,448,1,0,12,171,------109,121,0.9,------28,
1345,449,1,0,12,171,------97,121,0.8,------29,
1348,450,1,0,16,171,------81,121,0.67,------30,
1351,451,1,0,20,171,------61,121,0.5,------31,
1354,452,0,0,20,171,------41,81,0.51,------32,
1357,453,0,0,16,171,------25,49,0.51,------33,
1360,454,0,0,12,171,------13,25,0.52,------34,
1363,455,0,0,8,171,------5,9,0.56,------1,
1366,456,0,1,4,171,------9,25,0.36,------2,
1369,457,0,1,12,171,------21,49,0.43,------3,
1372,458,0,1,8,171,------29,81,0.36,------4,
1375,459,0,1,12,171,------41,121,0.34,------5,
1378,460,1,1,12,171,------53,169,0.31,------6,
1381,461,1,1,36,171,------89,225,0.4,------7,
1384,462,1,1,28,171,------117,289,0.4,------8,
1387,463,1,1,12,171,------129,361,0.36,------9,
1390,464,1,1,12,171,------141,441,0.32,------10,
1393,465,1,1,32,171,------173,441,0.39,------11,
1396,466,1,0,72,171,------101,441,0.23,------35,
1399,467,1,0,40,171,------61,121,0.5,------31,
1402,468,0,0,20,171,------41,81,0.51,------32,
1405,469,0,0,16,171,------25,49,0.51,------33,
1408,470,0,0,12,171,------13,25,0.52,------34,
1411,471,0,1,4,171,------17,49,0.35,------36,
1414,472,0,1,12,171,------29,81,0.36,------37,
1417,473,0,1,12,171,------41,121,0.34,------38,
1420,474,1,1,20,171,------61,169,0.36,------39,
1423,475,1,1,20,171,------81,225,0.36,------40,
1426,476,1,1,24,171,------105,289,0.36,------41,
1429,477,1,1,28,171,------133,361,0.37,------42,
1432,478,1,1,24,171,------157,441,0.36,------43,
1435,479,1,1,16,171,------173,441,0.39,------44,
1438,480,1,1,16,171,------189,441,0.43,------45,
1441,481,1,1,24,171,------213,441,0.48,------46,
1444,482,1,1,40,171,------253,441,0.57,------47,
1447,483,1,1,32,171,------285,441,0.65,------48,
1450,484,1,1,12,171,------297,441,0.67,------49,
1453,485,1,1,16,171,------313,441,0.71,------50,
1456,486,1,0,96,171,------217,441,0.49,------51,
1459,487,1,0,72,171,------145,361,0.4,------52,
1462,488,1,0,41,171,------104,361,0.29,------53,
1465,489,1,0,36,171,------68,361,0.19,------54,
1468,490,0,0,36,171,------32,361,0.09,------55,
1471,491,1,1,48,171,------80,441,0.18,------56,
1474,492,1,1,56,171,------136,441,0.31,------57,
1477,493,1,1,57,171,------193,441,0.44,------58,
1480,494,1,1,36,171,------229,441,0.52,------59,
1483,495,1,1,40,171,------269,441,0.61,------60,
1486,496,1,1,52,171,------321,441,0.73,------61,
1489,497,1,1,36,171,------357,441,0.81,------62,
1492,498,1,1,0,171,------357,441,0.81,------62,
1495,499,1,1,0,171,------357,441,0.81,------62,
1498,500,1,1,0,171,------357,441,0.81,------62,
1501,501,1,0,40,171,------317,441,0.72,------63,
1504,502,1,0,28,171,------289,361,0.8,------64,
1507,503,1,0,16,171,------273,361,0.76,------65,
1510,504,1,0,24,171,------249,361,0.69,------66,
1513,505,1,0,32,171,------217,361,0.6,------67,
1516,506,1,1,12,171,------229,441,0.52,------68,
1519,507,1,1,8,171,------237,441,0.54,------69,
1522,508,1,1,8,171,------245,441,0.56,------70,
1525,509,1,1,16,171,------261,441,0.59,------71,
1528,510,1,1,16,171,------277,441,0.63,------72,
1531,511,1,1,16,171,------293,441,0.66,------73,
1534,512,1,1,16,171,------309,441,0.7,------74,
1537,513,1,1,40,171,------349,441,0.79,------75,
1540,514,1,1,40,171,------389,441,0.88,------76,
1543,515,1,1,0,171,------389,441,0.88,------76,
1546,516,1,0,44,171,------345,441,0.78,------77,
1549,517,1,0,24,171,------321,441,0.73,------78,
1552,518,1,0,16,171,------305,441,0.69,------79,
1555,519,1,0,8,171,------297,441,0.67,------80,
1558,520,1,0,8,171,------289,441,0.66,------81,
1561,521,1,1,32,171,------321,441,0.73,------82,
1564,522,1,1,36,171,------357,441,0.81,------83,
1567,523,1,1,20,171,------377,441,0.85,------84,
1570,524,1,1,20,171,------397,441,0.9,------85,
1573,525,1,1,4,171,------401,441,0.91,------86,
1576,526,1,0,32,171,------369,441,0.84,------87,
1579,527,1,0,20,171,------349,441,0.79,------88,
1582,528,1,0,24,171,------325,441,0.74,------89,
1585,529,1,0,24,171,------301,361,0.83,------90,
1588,530,1,0,24,171,------277,361,0.77,------91,
1591,531,1,1,28,171,------305,441,0.69,------92,
1594,532,1,1,8,171,------313,441,0.71,------93,
1597,533,1,1,8,171,------321,441,0.73,------94,
1600,534,1,1,16,171,------337,441,0.76,------95,
1603,535,1,1,16,171,------353,441,0.8,------96,
1606,536,1,0,36,171,------317,441,0.72,------97,
1609,537,1,0,16,171,------301,441,0.68,------98,
1612,538,1,0,12,171,------289,441,0.66,------81,
1615,539,1,0,16,171,------273,441,0.62,------99,
1618,540,1,0,24,171,------249,441,0.56,------100,
1621,541,1,0,32,171,------217,441,0.49,------101,
1624,542,1,0,36,171,------181,361,0.5,------102,
1627,543,1,0,36,171,------145,289,0.5,------103,
1630,544,1,0,32,171,------113,225,0.5,------104,
1633,545,1,0,28,171,------85,169,0.5,------105,
1636,546,1,1,4,171,------89,225,0.4,------106,
1639,547,1,1,12,171,------101,289,0.35,------107,
1642,548,1,1,12,171,------113,361,0.31,------108,
1645,549,1,1,36,171,------149,441,0.34,------109,
1648,550,1,1,24,171,------173,441,0.39,------110,
1651,551,1,0,56,171,------117,361,0.32,------111,
1654,552,1,0,28,171,------89,289,0.31,------18,
1657,553,1,0,16,171,------73,225,0.32,------19,
1660,554,1,0,12,171,------61,169,0.36,------20,
1663,555,1,0,12,171,------49,121,0.4,------112,
1666,556,1,1,20,171,------69,169,0.41,------113,
1669,557,1,1,32,171,------101,225,0.45,------114,
1672,558,1,1,16,171,------117,289,0.4,------8,
1675,559,1,1,12,171,------129,361,0.36,------9,
1678,560,1,1,12,171,------141,441,0.32,------10,
1681,561,1,0,52,171,------89,289,0.31,------115,
1684,562,1,0,28,171,------61,121,0.5,------31,
1687,563,0,0,20,171,------41,81,0.51,------32,
1690,564,0,0,16,171,------25,49,0.51,------33,
1693,565,0,0,12,171,------13,25,0.52,------34,
1696,566,0,1,4,171,------17,49,0.35,------36,
1699,567,0,1,12,171,------29,81,0.36,------37,
1702,568,0,1,12,171,------41,121,0.34,------38,
1705,569,1,1,20,171,------61,169,0.36,------39,
1708,570,1,1,20,171,------81,225,0.36,------40,
1711,571,1,1,24,171,------105,289,0.36,------41,
1714,572,1,1,28,171,------133,361,0.37,------42,
1717,573,1,1,24,171,------157,441,0.36,------43,
1720,574,1,1,16,171,------173,441,0.39,------44,
1723,575,1,1,16,171,------189,441,0.43,------45,
1726,576,1,0,72,171,------117,361,0.32,------116,
1729,577,1,0,48,171,------69,289,0.24,------117,
1732,578,1,0,21,171,------48,289,0.17,------118,
1735,579,0,0,16,171,------32,81,0.4,------119,
1738,580,0,0,16,171,------16,81,0.2,------120,
1741,581,0,1,24,171,------40,121,0.33,------121,
1744,582,1,1,28,171,------68,169,0.4,------122,
1747,583,1,1,25,171,------93,225,0.41,------123,
1750,584,1,1,24,171,------117,289,0.4,------124,
1753,585,1,1,28,171,------145,361,0.4,------125,
1756,586,1,1,24,171,------169,441,0.38,------126,
1759,587,1,1,16,171,------185,441,0.42,------127,
1762,588,1,1,16,171,------201,441,0.46,------128,
1765,589,1,1,24,171,------225,441,0.51,------129,
1768,590,1,1,40,171,------265,441,0.6,------130,
1771,591,1,0,88,171,------177,441,0.4,------131,
1774,592,1,0,52,171,------125,289,0.43,------132,
1777,593,1,0,24,171,------101,289,0.35,------133,
1780,594,1,0,28,171,------73,289,0.25,------134,
1783,595,1,0,28,171,------45,289,0.16,------135,
1786,596,1,1,20,171,------65,361,0.18,------136,
1789,597,1,1,20,171,------85,441,0.19,------137,
1792,598,1,1,48,171,------133,441,0.3,------138,
1795,599,1,1,44,171,------177,441,0.4,------139,
1798,600,1,1,48,171,------225,441,0.51,------140,
1801,601,1,1,32,171,------257,441,0.58,------141,
1804,602,1,1,40,171,------297,441,0.67,------142,
1807,603,1,1,20,171,------317,441,0.72,------143,
1810,604,1,1,0,171,------317,441,0.72,------143,
1813,605,1,1,0,171,------317,441,0.72,------143,
1816,606,1,0,76,171,------241,441,0.55,------144,
1819,607,1,0,40,171,------201,361,0.56,------145,
1822,608,1,0,32,171,------169,361,0.47,------146,
1825,609,1,0,32,171,------137,361,0.38,------147,
1828,610,1,0,24,171,------113,361,0.31,------148,
1831,611,1,1,52,171,------165,441,0.37,------149,
1834,612,1,1,60,171,------225,441,0.51,------150,
1837,613,1,1,44,171,------269,441,0.61,------151,
1840,614,1,1,36,171,------305,441,0.69,------152,
1843,615,1,1,28,171,------333,441,0.76,------153,
1846,616,1,0,48,171,------285,441,0.65,------154,
1849,617,1,0,24,171,------261,441,0.59,------155,
1852,618,1,0,28,171,------233,361,0.65,------156,
1855,619,1,0,28,171,------205,289,0.71,------157,
1858,620,1,0,28,171,------177,289,0.61,------158,
1861,621,1,1,12,171,------189,361,0.52,------159,
1864,622,1,1,20,171,------209,441,0.47,------160,
1867,623,1,1,8,171,------217,441,0.49,------161,
1870,624,1,1,24,171,------241,441,0.55,------162,
1873,625,1,1,16,171,------257,441,0.58,------163,
1876,626,1,0,56,171,------201,441,0.46,------164,
1879,627,1,0,24,171,------177,361,0.49,------165,
1882,628,1,0,16,171,------161,361,0.45,------166,
1885,629,1,0,20,171,------141,361,0.39,------167,
1888,630,1,0,20,171,------121,289,0.42,------168,
1891,631,1,0,20,171,------101,225,0.45,------169,
1894,632,1,0,20,171,------81,169,0.48,------170,
1897,633,1,0,20,171,------61,121,0.5,------31,
1900,634,0,0,20,171,------41,81,0.51,------32,
1903,635,0,0,16,171,------25,49,0.51,------33,
1906,636,0,1,4,171,------29,81,0.36,------4,
1909,637,0,1,12,171,------41,121,0.34,------5,
1912,638,1,1,12,171,------53,169,0.31,------6,
1915,639,1,1,36,171,------89,225,0.4,------7,
1918,640,1,1,28,171,------117,289,0.4,------8,
1921,641,1,1,12,171,------129,361,0.36,------9,
1924,642,1,1,12,171,------141,441,0.32,------10,
1927,643,1,1,32,171,------173,441,0.39,------11,
1930,644,1,1,24,171,------197,441,0.45,------12,
1933,645,1,1,24,171,------221,441,0.5,------13,
1936,646,1,0,72,171,------149,441,0.34,------171,
1939,647,1,0,40,171,------109,361,0.3,------17,
1942,648,1,0,20,171,------89,289,0.31,------18,
1945,649,1,0,16,171,------73,225,0.32,------19,
1948,650,1,0,12,171,------61,169,0.36,------20,
1951,651,1,1,28,171,------89,225,0.4,------21,
1954,652,1,1,40,171,------129,289,0.45,------22,
1957,653,1,1,24,171,------153,361,0.42,------23,
1960,654,1,1,24,171,------177,441,0.4,------24,
1963,655,1,1,24,171,------201,441,0.46,------25,
1966,656,1,0,56,171,------145,361,0.4,------26,
1969,657,1,0,24,171,------121,169,0.72,------27,
1972,658,1,0,12,171,------109,121,0.9,------28,
1975,659,1,0,12,171,------97,121,0.8,------29,
1978,660,1,0,16,171,------81,121,0.67,------30,
1981,661,1,0,20,171,------61,121,0.5,------31,
1984,662,0,0,20,171,------41,81,0.51,------32,
1987,663,0,0,16,171,------25,49,0.51,------33,
1990,664,0,0,12,171,------13,25,0.52,------34,
1993,665,0,0,8,171,------5,9,0.56,------1,
1996,666,0,1,4,171,------9,25,0.36,------2,
1999,667,0,1,12,171,------21,49,0.43,------3,
2002,668,0,1,8,171,------29,81,0.36,------4,
2005,669,0,1,12,171,------41,121,0.34,------5,
2008,670,1,1,12,171,------53,169,0.31,------6,
2011,671,1,1,36,171,------89,225,0.4,------7,
2014,672,1,1,28,171,------117,289,0.4,------8,
2017,673,1,1,12,171,------129,361,0.36,------9,
2020,674,1,1,12,171,------141,441,0.32,------10,
2023,675,1,1,32,171,------173,441,0.39,------11,
2026,676,1,0,72,171,------101,441,0.23,------35,
2029,677,1,0,40,171,------61,121,0.5,------31,
2032,678,0,0,20,171,------41,81,0.51,------32,
2035,679,0,0,16,171,------25,49,0.51,------33,
2038,680,0,0,12,171,------13,25,0.52,------34,
2041,681,0,1,4,171,------17,49,0.35,------36,
2044,682,0,1,12,171,------29,81,0.36,------37,
2047,683,0,1,12,171,------41,121,0.34,------38,
2050,684,1,1,20,171,------61,169,0.36,------39,
2053,685,1,1,20,171,------81,225,0.36,------40,
2056,686,1,1,24,171,------105,289,0.36,------41,
2059,687,1,1,28,171,------133,361,0.37,------42,
2062,688,1,1,24,171,------157,441,0.36,------43,
2065,689,1,1,16,171,------173,441,0.39,------44,
2068,690,1,1,16,171,------189,441,0.43,------45,
2071,691,1,1,24,171,------213,441,0.48,------46,
2074,692,1,1,40,171,------253,441,0.57,------47,
2077,693,1,1,32,171,------285,441,0.65,------48,
2080,694,1,1,12,171,------297,441,0.67,------49,
2083,695,1,1,16,171,------313,441,0.71,------50,
2086,696,1,0,96,171,------217,441,0.49,------51,
2089,697,1,0,72,171,------145,361,0.4,------52,
2092,698,1,0,41,171,------104,361,0.29,------53,
2095,699,1,0,36,171,------68,361,0.19,------54,
2098,700,0,0,36,171,------32,361,0.09,------55,
2101,701,1,1,48,171,------80,441,0.18,------56,
2104,702,1,1,56,171,------136,441,0.31,------57,
2107,703,1,1,57,171,------193,441,0.44,------58,
2110,704,1,1,36,171,------229,441,0.52,------59,
2113,705,1,1,40,171,------269,441,0.61,------60,
2116,706,1,1,52,171,------321,441,0.73,------61,
2119,707,1,1,36,171,------357,441,0.81,------62,
2122,708,1,1,0,171,------357,441,0.81,------62,
2125,709,1,1,0,171,------357,441,0.81,------62,
2128,710,1,1,0,171,------357,441,0.81,------62,
2131,711,1,0,40,171,------317,441,0.72,------63,
2134,712,1,0,28,171,------289,361,0.8,------64,
2137,713,1,0,16,171,------273,361,0.76,------65,
2140,714,1,0,24,171,------249,361,0.69,------66,
2143,715,1,0,32,171,------217,361,0.6,------67,
2146,716,1,1,12,171,------229,441,0.52,------68,
2149,717,1,1,8,171,------237,441,0.54,------69,
2152,718,1,1,8,171,------245,441,0.56,------70,
2155,719,1,1,16,171,------261,441,0.59,------71,
2158,720,1,1,16,171,------277,441,0.63,------72,
2161,721,1,1,16,171,------293,441,0.66,------73,
2164,722,1,1,16,171,------309,441,0.7,------74,
2167,723,1,1,40,171,------349,441,0.79,------75,
2170,724,1,1,40,171,------389,441,0.88,------76,
2173,725,1,1,0,171,------389,441,0.88,------76,
2176,726,1,0,44,171,------345,441,0.78,------77,
2179,727,1,0,24,171,------321,441,0.73,------78,
2182,728,1,0,16,171,------305,441,0.69,------79,
2185,729,1,0,8,171,------297,441,0.67,------80,
2188,730,1,0,8,171,------289,441,0.66,------81,
2191,731,1,1,32,171,------321,441,0.73,------82,
2194,732,1,1,36,171,------357,441,0.81,------83,
2197,733,1,1,20,171,------377,441,0.85,------84,
2200,734,1,1,20,171,------397,441,0.9,------85,
2203,735,1,1,4,171,------401,441,0.91,------86,
2206,736,1,0,32,171,------369,441,0.84,------87,
2209,737,1,0,20,171,------349,441,0.79,------88,
2212,738,1,0,24,171,------325,441,0.74,------89,
2215,739,1,0,24,171,------301,361,0.83,------90,
2218,740,1,0,24,171,------277,361,0.77,------91,
2221,741,1,1,28,171,------305,441,0.69,------92,
2224,742,1,1,8,171,------313,441,0.71,------93,
2227,743,1,1,8,171,------321,441,0.73,------94,
2230,744,1,1,16,171,------337,441,0.76,------95,
2233,745,1,1,16,171,------353,441,0.8,------96,
2236,746,1,0,36,171,------317,441,0.72,------97,
2239,747,1,0,16,171,------301,441,0.68,------98,
2242,748,1,0,12,171,------289,441,0.66,------81,
2245,749,1,0,16,171,------273,441,0.62,------99,
2248,750,1,0,24,171,------249,441,0.56,------100,
2251,751,1,0,32,171,------217,441,0.49,------101,
2254,752,1,0,36,171,------181,361,0.5,------102,
2257,753,1,0,36,171,------145,289,0.5,------103,
2260,754,1,0,32,171,------113,225,0.5,------104,
2263,755,1,0,28,171,------85,169,0.5,------105,
2266,756,1,1,4,171,------89,225,0.4,------106,
2269,757,1,1,12,171,------101,289,0.35,------107,
2272,758,1,1,12,171,------113,361,0.31,------108,
2275,759,1,1,36,171,------149,441,0.34,------109,
2278,760,1,1,24,171,------173,441,0.39,------110,
2281,761,1,0,56,171,------117,361,0.32,------111,
2284,762,1,0,28,171,------89,289,0.31,------18,
2287,763,1,0,16,171,------73,225,0.32,------19,
2290,764,1,0,12,171,------61,169,0.36,------20,
2293,765,1,0,12,171,------49,121,0.4,------112,
2296,766,1,1,20,171,------69,169,0.41,------113,
2299,767,1,1,32,171,------101,225,0.45,------114,
2302,768,1,1,16,171,------117,289,0.4,------8,
2305,769,1,1,12,171,------129,361,0.36,------9,
2308,770,1,1,12,171,------141,441,0.32,------10,
2311,771,1,0,52,171,------89,289,0.31,------115,
2314,772,1,0,28,171,------61,121,0.5,------31,
2317,773,0,0,20,171,------41,81,0.51,------32,
2320,774,0,0,16,171,------25,49,0.51,------33,
2323,775,0,0,12,171,------13,25,0.52,------34,
2326,776,0,1,4,171,------17,49,0.35,------36,
2329,777,0,1,12,171,------29,81,0.36,------37,
2332,778,0,1,12,171,------41,121,0.34,------38,
2335,779,1,1,20,171,------61,169,0.36,------39,
2338,780,1,1,20,171,------81,225,0.36,------40,
2341,781,1,1,24,171,------105,289,0.36,------41,
2344,782,1,1,28,171,------133,361,0.37,------42,
2347,783,1,1,24,171,------157,441,0.36,------43,
2350,784,1,1,16,171,------173,441,0.39,------44,
2353,785,1,1,16,171,------189,441,0.43,------45,
2356,786,1,0,72,171,------117,361,0.32,------116,
2359,787,1,0,48,171,------69,289,0.24,------117,
2362,788,1,0,21,171,------48,289,0.17,------118,
2365,789,0,0,16,171,------32,81,0.4,------119,
2368,790,0,0,16,171,------16,81,0.2,------120,
2371,791,0,1,24,171,------40,121,0.33,------121,
2374,792,1,1,28,171,------68,169,0.4,------122,
2377,793,1,1,25,171,------93,225,0.41,------123,
2380,794,1,1,24,171,------117,289,0.4,------124,
2383,795,1,1,28,171,------145,361,0.4,------125,
2386,796,1,1,24,171,------169,441,0.38,------126,
2389,797,1,1,16,171,------185,441,0.42,------127,
2392,798,1,1,16,171,------201,441,0.46,------128,
2395,799,1,1,24,171,------225,441,0.51,------129,
2398,800,1,1,40,171,------265,441,0.6,------130,
2401,801,1,0,88,171,------177,441,0.4,------131,
2404,802,1,0,52,171,------125,289,0.43,------132,
2407,803,1,0,24,171,------101,289,0.35,------133,
2410,804,1,0,28,171,------73,289,0.25,------134,
2413,805,1,0,28,171,------45,289,0.16,------135,
2416,806,1,1,20,171,------65,361,0.18,------136,
2419,807,1,1,20,171,------85,441,0.19,------137,
2422,808,1,1,48,171,------133,441,0.3,------138,
2425,809,1,1,44,171,------177,441,0.4,------139,
2428,810,1,1,48,171,------225,441,0.51,------140,
2431,811,1,1,32,171,------257,441,0.58,------141,
2434,812,1,1,40,171,------297,441,0.67,------142,
2437,813,1,1,20,171,------317,441,0.72,------143,
2440,814,1,1,0,171,------317,441,0.72,------143,
2443,815,1,1,0,171,------317,441,0.72,------143,
2446,816,1,0,76,171,------241,441,0.55,------144,
2449,817,1,0,40,171,------201,361,0.56,------145,
2452,818,1,0,32,171,------169,361,0.47,------146,
2455,819,1,0,32,171,------137,361,0.38,------147,
2458,820,1,0,24,171,------113,361,0.31,------148,
2461,821,1,1,52,171,------165,441,0.37,------149,
2464,822,1,1,60,171,------225,441,0.51,------150,
2467,823,1,1,44,171,------269,441,0.61,------151,
2470,824,1,1,36,171,------305,441,0.69,------152,
2473,825,1,1,28,171,------333,441,0.76,------153,
2476,826,1,0,48,171,------285,441,0.65,------154,
2479,827,1,0,24,171,------261,441,0.59,------155,
2482,828,1,0,28,171,------233,361,0.65,------156,
2485,829,1,0,28,171,------205,289,0.71,------157,
2488,830,1,0,28,171,------177,289,0.61,------158,
2491,831,1,1,12,171,------189,361,0.52,------159,
2494,832,1,1,20,171,------209,441,0.47,------160,
2497,833,1,1,8,171,------217,441,0.49,------161,
2500,834,1,1,24,171,------241,441,0.55,------162,
2503,835,1,1,16,171,------257,441,0.58,------163,
2506,836,1,0,56,171,------201,441,0.46,------164,
2509,837,1,0,24,171,------177,361,0.49,------165,
2512,838,1,0,16,171,------161,361,0.45,------166,
2515,839,1,0,20,171,------141,361,0.39,------167,
2518,840,1,0,20,171,------121,289,0.42,------168,
2521,841,1,0,20,171,------101,225,0.45,------169,
2524,842,1,0,20,171,------81,169,0.48,------170,
2527,843,1,0,20,171,------61,121,0.5,------31,
2530,844,0,0,20,171,------41,81,0.51,------32,
2533,845,0,0,16,171,------25,49,0.51,------33,
2536,846,0,1,4,171,------29,81,0.36,------4,
2539,847,0,1,12,171,------41,121,0.34,------5,
2542,848,1,1,12,171,------53,169,0.31,------6,
2545,849,1,1,36,171,------89,225,0.4,------7,
2548,850,1,1,28,171,------117,289,0.4,------8,
2551,851,1,1,12,171,------129,361,0.36,------9,
2554,852,1,1,12,171,------141,441,0.32,------10,
2557,853,1,1,32,171,------173,441,0.39,------11,
2560,854,1,1,24,171,------197,441,0.45,------12,
2563,855,1,1,24,171,------221,441,0.5,------13,
2566,856,1,0,72,171,------149,441,0.34,------171,
2569,857,1,0,40,171,------109,361,0.3,------17,
2572,858,1,0,20,171,------89,289,0.31,------18,
2575,859,1,0,16,171,------73,225,0.32,------19,
2578,860,1,0,12,171,------61,169,0.36,------20,
2581,861,1,1,28,171,------89,225,0.4,------21,
2584,862,1,1,40,171,------129,289,0.45,------22,
2587,863,1,1,24,171,------153,361,0.42,------23,
2590,864,1,1,24,171,------177,441,0.4,------24,
2593,865,1,1,24,171,------201,441,0.46,------25,
2596,866,1,0,56,171,------145,361,0.4,------26,
2599,867,1,0,24,171,------121,169,0.72,------27,
2602,868,1,0,12,171,------109,121,0.9,------28,
2605,869,1,0,12,171,------97,121,0.8,------29,
2608,870,1,0,16,171,------81,121,0.67,------30,
2611,871,1,0,20,171,------61,121,0.5,------31,
2614,872,0,0,20,171,------41,81,0.51,------32,
2617,873,0,0,16,171,------25,49,0.51,------33,
2620,874,0,0,12,171,------13,25,0.52,------34,
2623,875,0,0,8,171,------5,9,0.56,------1,
2626,876,0,1,4,171,------9,25,0.36,------2,
2629,877,0,1,12,171,------21,49,0.43,------3,
2632,878,0,1,8,171,------29,81,0.36,------4,
2635,879,0,1,12,171,------41,121,0.34,------5,
2638,880,1,1,12,171,------53,169,0.31,------6,
2641,881,1,1,36,171,------89,225,0.4,------7,
2644,882,1,1,28,171,------117,289,0.4,------8,
2647,883,1,1,12,171,------129,361,0.36,------9,
2650,884,1,1,12,171,------141,441,0.32,------10,
2653,885,1,1,32,171,------173,441,0.39,------11,
2656,886,1,0,72,171,------101,441,0.23,------35,
2659,887,1,0,40,171,------61,121,0.5,------31,
2662,888,0,0,20,171,------41,81,0.51,------32,
2665,889,0,0,16,171,------25,49,0.51,------33,
2668,890,0,0,12,171,------13,25,0.52,------34,
2671,891,0,1,4,171,------17,49,0.35,------36,
2674,892,0,1,12,171,------29,81,0.36,------37,
2677,893,0,1,12,171,------41,121,0.34,------38,
2680,894,1,1,20,171,------61,169,0.36,------39,
2683,895,1,1,20,171,------81,225,0.36,------40,
2686,896,1,1,24,171,------105,289,0.36,------41,
2689,897,1,1,28,171,------133,361,0.37,------42,
2692,898,1,1,24,171,------157,441,0.36,------43,
2695,899,1,1,16,171,------173,441,0.39,------44,
2698,900,1,1,16,171,------189,441,0.43,------45,
2701,901,1,1,24,171,------213,441,0.48,------46,
2704,902,1,1,40,171,------253,441,0.57,------47,
2707,903,1,1,32,171,------285,441,0.65,------48,
2710,904,1,1,12,171,------297,441,0.67,------49,
2713,905,1,1,16,171,------313,441,0.71,------50,
2716,906,1,0,96,171,------217,441,0.49,------51,
2719,907,1,0,72,171,------145,361,0.4,------52,
2722,908,1,0,41,171,------104,361,0.29,------53,
2725,909,1,0,36,171,------68,361,0.19,------54,
2728,910,0,0,36,171,------32,361,0.09,------55,
2731,911,1,1,48,171,------80,441,0.18,------56,
2734,912,1,1,56,171,------136,441,0.31,------57,
2737,913,1,1,57,171,------193,441,0.44,------58,
2740,914,1,1,36,171,------229,441,0.52,------59,
2743,915,1,1,40,171,------269,441,0.61,------60,
2746,916,1,1,52,171,------321,441,0.73,------61,
2749,917,1,1,36,171,------357,441,0.81,------62,
2752,918,1,1,0,171,------357,441,0.81,------62,
2755,919,1,1,0,171,------357,441,0.81,------62,
2758,920,1,1,0,171,------357,441,0.81,------62,
2761,921,1,0,40,171,------317,441,0.72,------63,
2764,922,1,0,28,171,------289,361,0.8,------64,
2767,923,1,0,16,171,------273,361,0.76,------65,
2770,924,1,0,24,171,------249,361,0.69,------66,
2773,925,1,0,32,171,------217,361,0.6,------67,
2776,926,1,1,12,171,------229,441,0.52,------68,
2779,927,1,1,8,171,------237,441,0.54,------69,
2782,928,1,1,8,171,------245,441,0.56,------70,
2785,929,1,1,16,171,------261,441,0.59,------71,
2788,930,1,1,16,171,------277,441,0.63,------72,
2791,931,1,1,16,171,------293,441,0.66,------73,
2794,932,1,1,16,171,------309,441,0.7,------74,
2797,933,1,1,40,171,------349,441,0.79,------75,
2800,934,1,1,40,171,------389,441,0.88,------76,
2803,935,1,1,0,171,------389,441,0.88,------76,
2806,936,1,0,44,171,------345,441,0.78,------77,
2809,937,1,0,24,171,------321,441,0.73,------78,
2812,938,1,0,16,171,------305,441,0.69,------79,
2815,939,1,0,8,171,------297,441,0.67,------80,
2818,940,1,0,8,171,------289,441,0.66,------81,
2821,941,1,1,32,171,------321,441,0.73,------82,
2824,942,1,1,36,171,------357,441,0.81,------83,
2827,943,1,1,20,171,------377,441,0.85,------84,
2830,944,1,1,20,171,------397,441,0.9,------85,
2833,945,1,1,4,171,------401,441,0.91,------86,
2836,946,1,0,32,171,------369,441,0.84,------87,
2839,947,1,0,20,171,------349,441,0.79,------88,
2842,948,1,0,24,171,------325,441,0.74,------89,
2845,949,1,0,24,171,------301,361,0.83,------90,
2848,950,1,0,24,171,------277,361,0.77,------91,
2851,951,1,1,28,171,------305,441,0.69,------92,
2854,952,1,1,8,171,------313,441,0.71,------93,
2857,953,1,1,8,171,------321,441,0.73,------94,
2860,954,1,1,16,171,------337,441,0.76,------95,
2863,955,1,1,16,171,------353,441,0.8,------96,
2866,956,1,0,36,171,------317,441,0.72,------97,
2869,957,1,0,16,171,------301,441,0.68,------98,
2872,958,1,0,12,171,------289,441,0.66,------81,
2875,959,1,0,16,171,------273,441,0.62,------99,
2878,960,1,0,24,171,------249,441,0.56,------100,
2881,961,1,0,32,171,------217,441,0.49,------101,
2884,962,1,0,36,171,------181,361,0.5,------102,
2887,963,1,0,36,171,------145,289,0.5,------103,
2890,964,1,0,32,171,------113,225,0.5,------104,
2893,965,1,0,28,171,------85,169,0.5,------105,
2896,966,1,1,4,171,------89,225,0.4,------106,
2899,967,1,1,12,171,------101,289,0.35,------107,
2902,968,1,1,12,171,------113,361,0.31,------108,
2905,969,1,1,36,171,------149,441,0.34,------109,
2908,970,1,1,24,171,------173,441,0.39,------110,
2911,971,1,0,56,171,------117,361,0.32,------111,
2914,972,1,0,28,171,------89,289,0.31,------18,
2917,973,1,0,16,171,------73,225,0.32,------19,
2920,974,1,0,12,171,------61,169,0.36,------20,
2923,975,1,0,12,171,------49,121,0.4,------112,
2926,976,1,1,20,171,------69,169,0.41,------113,
2929,977,1,1,32,171,------101,225,0.45,------114,
2932,978,1,1,16,171,------117,289,0.4,------8,
2935,979,1,1,12,171,------129,361,0.36,------9,
2938,980,1,1,12,171,------141,441,0.32,------10,
2941,981,1,0,52,171,------89,289,0.31,------115,
2944,982,1,0,28,171,------61,121,0.5,------31,
2947,983,0,0,20,171,------41,81,0.51,------32,
2950,984,0,0,16,171,------25,49,0.51,------33,
2953,985,0,0,12,171,------13,25,0.52,------34,
2956,986,0,1,4,171,------17,49,0.35,------36,
2959,987,0,1,12,171,------29,81,0.36,------37,
2962,988,0,1,12,171,------41,121,0.34,------38,
2965,989,1,1,20,171,------61,169,0.36,------39,
2968,990,1,1,20,171,------81,225,0.36,------40,
2971,991,1,1,24,171,------105,289,0.36,------41,
2974,992,1,1,28,171,------133,361,0.37,------42,
2977,993,1,1,24,171,------157,441,0.36,------43,
2980,994,1,1,16,171,------173,441,0.39,------44,
2983,995,1,1,16,171,------189,441,0.43,------45,
2986,996,1,0,72,171,------117,361,0.32,------116,
2989,997,1,0,48,171,------69,289,0.24,------117,
2992,998,1,0,21,171,------48,289,0.17,------118,
2995,999,0,0,16,171,------32,81,0.4,------119,
2998,1000,0,0,16,171,------16,81,0.2,------120,
3001,1001,0,1,24,171,------40,121,0.33,------121,
3004,1002,1,1,28,171,------68,169,0.4,------122,
3007,1003,1,1,25,171,------93,225,0.41,------123,
3010,1004,1,1,24,171,------117,289,0.4,------124,
3013,1005,1,1,28,171,------145,361,0.4,------125,
3016,1006,1,1,24,171,------169,441,0.38,------126,
3019,1007,1,1,16,171,------185,441,0.42,------127,
3022,1008,1,1,16,171,------201,441,0.46,------128,
3025,1009,1,1,24,171,------225,441,0.51,------129,
3028,1010,1,1,40,171,------265,441,0.6,------130,
3031,1011,1,0,88,171,------177,441,0.4,------131,
3034,1012,1,0,52,171,------125,289,0.43,------132,
3037,1013,1,0,24,171,------101,289,0.35,------133,
3040,1014,1,0,28,171,------73,289,0.25,------134,
3043,1015,1,0,28,171,------45,289,0.16,------135,
3046,1016,1,1,20,171,------65,361,0.18,------136,
3049,1017,1,1,20,171,------85,441,0.19,------137,
3052,1018,1,1,48,171,------133,441,0.3,------138,
3055,1019,1,1,44,171,------177,441,0.4,------139,
3058,1020,1,1,48,171,------225,441,0.51,------140,
3061,1021,1,1,32,171,------257,441,0.58,------141,
3064,1022,1,1,40,171,------297,441,0.67,------142,
3067,1023,1,1,20,171,------317,441,0.72,------143,
3070,1024,1,1,0,171,------317,441,0.72,------143,
3073,1025,1,1,0,171,------317,441,0.72,------143,
3076,1026,1,0,76,171,------241,441,0.55,------144,
3079,1027,1,0,40,171,------201,361,0.56,------145,
3082,1028,1,0,32,171,------169,361,0.47,------146,
3085,1029,1,0,32,171,------137,361,0.38,------147,
3088,1030,1,0,24,171,------113,361,0.31,------148,
3091,1031,1,1,52,171,------165,441,0.37,------149,
3094,1032,1,1,60,171,------225,441,0.51,------150,
3097,1033,1,1,44,171,------269,441,0.61,------151,
3100,1034,1,1,36,171,------305,441,0.69,------152,
3103,1035,1,1,28,171,------333,441,0.76,------153,
3106,1036,1,0,48,171,------285,441,0.65,------154,
3109,1037,1,0,24,171,------261,441,0.59,------155,
3112,1038,1,0,28,171,------233,361,0.65,------156,
3115,1039,1,0,28,171,------205,289,0.71,------157,
3118,1040,1,0,28,171,------177,289,0.61,------158,
3121,1041,1,1,12,171,------189,361,0.52,------159,
3124,1042,1,1,20,171,------209,441,0.47,------160,
3127,1043,1,1,8,171,------217,441,0.49,------161,
3130,1044,1,1,24,171,------241,441,0.55,------162,
3133,1045,1,1,16,171,------257,441,0.58,------163,
3136,1046,1,0,56,171,------201,441,0.46,------164,
3139,1047,1,0,24,171,------177,361,0.49,------165,
3142,1048,1,0,16,171,------161,361,0.45,------166,
3145,1049,1,0,20,171,------141,361,0.39,------167,
3148,1050,1,0,20,171,------121,289,0.42,------168,
3151,1051,1,0,20,171,------101,225,0.45,------169,
3154,1052,1,0,20,171,------81,169,0.48,------170,
3157,1053,1,0,20,171,------61,121,0.5,------31,
3160,1054,0,0,20,171,------41,81,0.51,------32,
3163,1055,0,0,16,171,------25,49,0.51,------33,
3166,1056,0,1,4,171,------29,81,0.36,------4,
3169,1057,0,1,12,171,------41,121,0.34,------5,
3172,1058,1,1,12,171,------53,169,0.31,------6,
3175,1059,1,1,36,171,------89,225,0.4,------7,
3178,1060,1,1,28,171,------117,289,0.4,------8,
3181,1061,1,1,12,171,------129,361,0.36,------9,
3184,1062,1,1,12,171,------141,441,0.32,------10,
3187,1063,1,1,32,171,------173,441,0.39,------11,
3190,1064,1,1,24,171,------197,441,0.45,------12,
3193,1065,1,1,24,171,------221,441,0.5,------13,
3196,1066,1,0,72,171,------149,441,0.34,------171,
3199,1067,1,0,40,171,------109,361,0.3,------17,
3202,1068,1,0,20,171,------89,289,0.31,------18,
3205,1069,1,0,16,171,------73,225,0.32,------19,
3208,1070,1,0,12,171,------61,169,0.36,------20,
3211,1071,1,1,28,171,------89,225,0.4,------21,
3214,1072,1,1,40,171,------129,289,0.45,------22,
3217,1073,1,1,24,171,------153,361,0.42,------23,
3220,1074,1,1,24,171,------177,441,0.4,------24,
3223,1075,1,1,24,171,------201,441,0.46,------25,
3226,1076,1,0,56,171,------145,361,0.4,------26,
3229,1077,1,0,24,171,------121,169,0.72,------27,
3232,1078,1,0,12,171,------109,121,0.9,------28,
3235,1079,1,0,12,171,------97,121,0.8,------29,
3238,1080,1,0,16,171,------81,121,0.67,------30,
3241,1081,1,0,20,171,------61,121,0.5,------31,
3244,1082,0,0,20,171,------41,81,0.51,------32,
3247,1083,0,0,16,171,------25,49,0.51,------33,
3250,1084,0,0,12,171,------13,25,0.52,------34,
3253,1085,0,0,8,171,------5,9,0.56,------1,
3256,1086,0,1,4,171,------9,25,0.36,------2,
3259,1087,0,1,12,171,------21,49,0.43,------3,
3262,1088,0,1,8,171,------29,81,0.36,------4,
3265,1089,0,1,12,171,------41,121,0.34,------5,
3268,1090,1,1,12,171,------53,169,0.31,------6,
3271,1091,1,1,36,171,------89,225,0.4,------7,
3274,1092,1,1,28,171,------117,289,0.4,------8,
3277,1093,1,1,12,171,------129,361,0.36,------9,
3280,1094,1,1,12,171,------141,441,0.32,------10,
3283,1095,1,1,32,171,------173,441,0.39,------11,
3286,1096,1,0,72,171,------101,441,0.23,------35,
3289,1097,1,0,40,171,------61,121,0.5,------31,
3292,1098,0,0,20,171,------41,81,0.51,------32,
3295,1099,0,0,16,171,------25,49,0.51,------33,
3298,1100,0,0,12,171,------13,25,0.52,------34,
3301,1101,0,1,4,171,------17,49,0.35,------36,
3304,1102,0,1,12,171,------29,81,0.36,------37,
3307,1103,0,1,12,171,------41,121,0.34,------38,
3310,1104,1,1,20,171,------61,169,0.36,------39,
3313,1105,1,1,20,171,------81,225,0.36,------40,
3316,1106,1,1,24,171,------105,289,0.36,------41,
3319,1107,1,1,28,171,------133,361,0.37,------42,
3322,1108,1,1,24,171,------157,441,0.36,------43,
3325,1109,1,1,16,171,------173,441,0.39,------44,
3328,1110,1,1,16,171,------189,441,0.43,------45,
3331,1111,1,1,24,171,------213,441,0.48,------46,
3334,1112,1,1,40,171,------253,441,0.57,------47,
3337,1113,1,1,32,171,------285,441,0.65,------48,
3340,1114,1,1,12,171,------297,441,0.67,------49,
3343,1115,1,1,16,171,------313,441,0.71,------50,
3346,1116,1,0,96,171,------217,441,0.49,------51,
3349,1117,1,0,72,171,------145,361,0.4,------52,
3352,1118,1,0,41,171,------104,361,0.29,------53,
3355,1119,1,0,36,171,------68,361,0.19,------54,
3358,1120,0,0,36,171,------32,361,0.09,------55,
3361,1121,1,1,48,171,------80,441,0.18,------56,
3364,1122,1,1,56,171,------136,441,0.31,------57,
3367,1123,1,1,57,171,------193,441,0.44,------58,
3370,1124,1,1,36,171,------229,441,0.52,------59,
3373,1125,1,1,40,171,------269,441,0.61,------60,
3376,1126,1,1,52,171,------321,441,0.73,------61,
3379,1127,1,1,36,171,------357,441,0.81,------62,
3382,1128,1,1,0,171,------357,441,0.81,------62,
3385,1129,1,1,0,171,------357,441,0.81,------62,
3388,1130,1,1,0,171,------357,441,0.81,------62,
3391,1131,1,0,40,171,------317,441,0.72,------63,
3394,1132,1,0,28,171,------289,361,0.8,------64,
3397,1133,1,0,16,171,------273,361,0.76,------65,
3400,1134,1,0,24,171,------249,361,0.69,------66,
3403,1135,1,0,32,171,------217,361,0.6,------67,
3406,1136,1,1,12,171,------229,441,0.52,------68,
3409,1137,1,1,8,171,------237,441,0.54,------69,
3412,1138,1,1,8,171,------245,441,0.56,------70,
3415,1139,1,1,16,171,------261,441,0.59,------71,
3418,1140,1,1,16,171,------277,441,0.63,------72,
3421,1141,1,1,16,171,------293,441,0.66,------73,
3424,1142,1,1,16,171,------309,441,0.7,------74,
3427,1143,1,1,40,171,------349,441,0.79,------75,
3430,1144,1,1,40,171,------389,441,0.88,------76,
3433,1145,1,1,0,171,------389,441,0.88,------76,
3436,1146,1,0,44,171,------345,441,0.78,------77,
3439,1147,1,0,24,171,------321,441,0.73,------78,
3442,1148,1,0,16,171,------305,441,0.69,------79,
3445,1149,1,0,8,171,------297,441,0.67,------80,
3448,1150,1,0,8,171,------289,441,0.66,------81,
3451,1151,1,1,32,171,------321,441,0.73,------82,
3454,1152,1,1,36,171,------357,441,0.81,------83,
3457,1153,1,1,20,171,------377,441,0.85,------84,
3460,1154,1,1,20,171,------397,441,0.9,------85,
3463,1155,1,1,4,171,------401,441,0.91,------86,
3466,1156,1,0,32,171,------369,441,0.84,------87,
3469,1157,1,0,20,171,------349,441,0.79,------88,
3472,1158,1,0,24,171,------325,441,0.74,------89,
3475,1159,1,0,24,171,------301,361,0.83,------90,
3478,1160,1,0,24,171,------277,361,0.77,------91,
3481,1161,1,1,28,171,------305,441,0.69,------92,
3484,1162,1,1,8,171,------313,441,0.71,------93,
3487,1163,1,1,8,171,------321,441,0.73,------94,
3490,1164,1,1,16,171,------337,441,0.76,------95,
3493,1165,1,1,16,171,------353,441,0.8,------96,
3496,1166,1,0,36,171,------317,441,0.72,------97,
3499,1167,1,0,16,171,------301,441,0.68,------98,
3502,1168,1,0,12,171,------289,441,0.66,------81,
3505,1169,1,0,16,171,------273,441,0.62,------99,
3508,1170,1,0,24,171,------249,441,0.56,------100,
3511,1171,1,0,32,171,------217,441,0.49,------101,
3514,1172,1,0,36,171,------181,361,0.5,------102,
3517,1173,1,0,36,171,------145,289,0.5,------103,
3520,1174,1,0,32,171,------113,225,0.5,------104,
3523,1175,1,0,28,171,------85,169,0.5,------105,
3526,1176,1,1,4,171,------89,225,0.4,------106,
3529,1177,1,1,12,171,------101,289,0.35,------107,
3532,1178,1,1,12,171,------113,361,0.31,------108,
