L0A2-->Columns Header:, LevelCount, AutomataStep, AggregateState, Goal, StateDifference, DiversityCounter, LiveCellsCount, LiveCellsArea, LiveCellsDensity, StateId
1,1,0,1,0,1,------5,9,0.56,------1,
4,2,0,1,4,2,------9,25,0.36,------2,
7,3,0,1,12,3,------21,49,0.43,------3,
10,4,0,1,8,4,------29,81,0.36,------4,
13,5,0,1,12,5,------41,121,0.34,------5,
16,6,1,1,12,6,------53,169,0.31,------6,
19,7,1,1,36,7,------89,225,0.4,------7,
22,8,1,1,28,8,------117,289,0.4,------8,
25,9,1,1,12,9,------129,361,0.36,------9,
28,10,1,1,12,10,------141,441,0.32,------10,
31,11,1,1,32,11,------173,441,0.39,------11,
34,12,1,1,24,12,------197,441,0.45,------12,
37,13,1,1,24,13,------221,441,0.5,------13,
40,14,1,1,24,14,------245,441,0.56,------14,
43,15,1,1,64,15,------309,441,0.7,------15,
46,16,1,0,136,16,------173,441,0.39,------16,
49,17,1,0,64,17,------109,361,0.3,------17,
52,18,1,0,20,18,------89,289,0.31,------18,
55,19,1,0,16,19,------73,225,0.32,------19,
58,20,1,0,12,20,------61,169,0.36,------20,
61,21,1,1,28,21,------89,225,0.4,------21,
64,22,1,1,40,22,------129,289,0.45,------22,
67,23,1,1,24,23,------153,361,0.42,------23,
70,24,1,1,24,24,------177,441,0.4,------24,
73,25,1,1,24,25,------201,441,0.46,------25,
76,26,1,0,56,26,------145,361,0.4,------26,
79,27,1,0,24,27,------121,169,0.72,------27,
82,28,1,0,12,28,------109,121,0.9,------28,
85,29,1,0,12,29,------97,121,0.8,------29,
88,30,1,0,16,30,------81,121,0.67,------30,
91,31,1,0,20,31,------61,121,0.5,------31,
94,32,0,0,20,32,------41,81,0.51,------32,
97,33,0,0,16,33,------25,49,0.51,------33,
100,34,0,0,12,34,------13,25,0.52,------34,
103,35,0,0,8,34,------5,9,0.56,------1,
106,36,0,0,4,35,------1,1,1.0,------35,
109,37,0,0,1,36,------0,0,0.0,------36,
112,38,0,0,0,36,------0,0,0.0,------36,
115,39,0,0,0,36,------0,0,0.0,------36,
118,40,0,0,0,36,------0,0,0.0,------36,
121,41,0,1,0,36,------0,0,0.0,------36,
124,42,0,1,0,36,------0,0,0.0,------36,
127,43,0,1,0,36,------0,0,0.0,------36,
130,44,0,1,0,36,------0,0,0.0,------36,
133,45,0,1,0,36,------0,0,0.0,------36,
136,46,0,0,0,36,------0,0,0.0,------36,
139,47,0,0,0,36,------0,0,0.0,------36,
142,48,0,0,0,36,------0,0,0.0,------36,
145,49,0,0,0,36,------0,0,0.0,------36,
148,50,0,0,0,36,------0,0,0.0,------36,
151,51,0,0,0,36,------0,0,0.0,------36,
154,52,0,0,0,36,------0,0,0.0,------36,
157,53,0,0,0,36,------0,0,0.0,------36,
160,54,0,0,0,36,------0,0,0.0,------36,
163,55,0,0,0,36,------0,0,0.0,------36,
166,56,0,1,0,36,------0,0,0.0,------36,
169,57,0,1,0,36,------0,0,0.0,------36,
172,58,0,1,0,36,------0,0,0.0,------36,
175,59,0,1,0,36,------0,0,0.0,------36,
178,60,0,1,0,36,------0,0,0.0,------36,
181,61,0,1,0,36,------0,0,0.0,------36,
184,62,0,1,0,36,------0,0,0.0,------36,
187,63,0,1,0,36,------0,0,0.0,------36,
190,64,0,1,0,36,------0,0,0.0,------36,
193,65,0,1,0,36,------0,0,0.0,------36,
196,66,0,0,0,36,------0,0,0.0,------36,
199,67,0,0,0,36,------0,0,0.0,------36,
202,68,0,0,0,36,------0,0,0.0,------36,
205,69,0,0,0,36,------0,0,0.0,------36,
208,70,0,0,0,36,------0,0,0.0,------36,
211,71,0,0,0,36,------0,0,0.0,------36,
214,72,0,0,0,36,------0,0,0.0,------36,
217,73,0,0,0,36,------0,0,0.0,------36,
220,74,0,0,0,36,------0,0,0.0,------36,
223,75,0,0,0,36,------0,0,0.0,------36,
226,76,0,1,0,36,------0,0,0.0,------36,
229,77,0,1,0,36,------0,0,0.0,------36,
232,78,0,1,0,36,------0,0,0.0,------36,
235,79,0,1,0,36,------0,0,0.0,------36,
238,80,0,1,0,36,------0,0,0.0,------36,
241,81,0,0,0,36,------0,0,0.0,------36,
244,82,0,0,0,36,------0,0,0.0,------36,
247,83,0,0,0,36,------0,0,0.0,------36,
250,84,0,0,0,36,------0,0,0.0,------36,
253,85,0,0,0,36,------0,0,0.0,------36,
256,86,0,1,0,36,------0,0,0.0,------36,
259,87,0,1,0,36,------0,0,0.0,------36,
262,88,0,1,0,36,------0,0,0.0,------36,
265,89,0,1,0,36,------0,0,0.0,------36,
268,90,0,1,0,36,------0,0,0.0,------36,
271,91,0,1,0,36,------0,0,0.0,------36,
274,92,0,1,0,36,------0,0,0.0,------36,
277,93,0,1,0,36,------0,0,0.0,------36,
280,94,0,1,0,36,------0,0,0.0,------36,
283,95,0,1,0,36,------0,0,0.0,------36,
286,96,0,0,0,36,------0,0,0.0,------36,
289,97,0,0,0,36,------0,0,0.0,------36,
292,98,0,0,0,36,------0,0,0.0,------36,
295,99,0,0,0,36,------0,0,0.0,------36,
298,100,0,0,0,36,------0,0,0.0,------36,
301,101,0,1,0,36,------0,0,0.0,------36,
304,102,0,1,0,36,------0,0,0.0,------36,
307,103,0,1,0,36,------0,0,0.0,------36,
310,104,0,1,0,36,------0,0,0.0,------36,
313,105,0,1,0,36,------0,0,0.0,------36,
316,106,0,0,0,36,------0,0,0.0,------36,
319,107,0,0,0,36,------0,0,0.0,------36,
322,108,0,0,0,36,------0,0,0.0,------36,
325,109,0,0,0,36,------0,0,0.0,------36,
328,110,0,0,0,36,------0,0,0.0,------36,
331,111,0,1,0,36,------0,0,0.0,------36,
334,112,0,1,0,36,------0,0,0.0,------36,
337,113,0,1,0,36,------0,0,0.0,------36,
340,114,0,1,0,36,------0,0,0.0,------36,
343,115,0,1,0,36,------0,0,0.0,------36,
346,116,0,0,0,36,------0,0,0.0,------36,
349,117,0,0,0,36,------0,0,0.0,------36,
352,118,0,0,0,36,------0,0,0.0,------36,
355,119,0,0,0,36,------0,0,0.0,------36,
358,120,0,0,0,36,------0,0,0.0,------36,
361,121,0,0,0,36,------0,0,0.0,------36,
364,122,0,0,0,36,------0,0,0.0,------36,
367,123,0,0,0,36,------0,0,0.0,------36,
370,124,0,0,0,36,------0,0,0.0,------36,
373,125,0,0,0,36,------0,0,0.0,------36,
376,126,0,1,0,36,------0,0,0.0,------36,
379,127,0,1,0,36,------0,0,0.0,------36,
382,128,0,1,0,36,------0,0,0.0,------36,
385,129,0,1,0,36,------0,0,0.0,------36,
388,130,0,1,0,36,------0,0,0.0,------36,
391,131,0,0,0,36,------0,0,0.0,------36,
394,132,0,0,0,36,------0,0,0.0,------36,
397,133,0,0,0,36,------0,0,0.0,------36,
400,134,0,0,0,36,------0,0,0.0,------36,
403,135,0,0,0,36,------0,0,0.0,------36,
406,136,0,1,0,36,------0,0,0.0,------36,
409,137,0,1,0,36,------0,0,0.0,------36,
412,138,0,1,0,36,------0,0,0.0,------36,
415,139,0,1,0,36,------0,0,0.0,------36,
418,140,0,1,0,36,------0,0,0.0,------36,
421,141,0,0,0,36,------0,0,0.0,------36,
424,142,0,0,0,36,------0,0,0.0,------36,
427,143,0,0,0,36,------0,0,0.0,------36,
430,144,0,0,0,36,------0,0,0.0,------36,
433,145,0,0,0,36,------0,0,0.0,------36,
436,146,0,0,0,36,------0,0,0.0,------36,
439,147,0,0,0,36,------0,0,0.0,------36,
442,148,0,0,0,36,------0,0,0.0,------36,
445,149,0,0,0,36,------0,0,0.0,------36,
448,150,0,0,0,36,------0,0,0.0,------36,
451,151,0,1,0,36,------0,0,0.0,------36,
454,152,0,1,0,36,------0,0,0.0,------36,
457,153,0,1,0,36,------0,0,0.0,------36,
460,154,0,1,0,36,------0,0,0.0,------36,
463,155,0,1,0,36,------0,0,0.0,------36,
466,156,0,0,0,36,------0,0,0.0,------36,
469,157,0,0,0,36,------0,0,0.0,------36,
472,158,0,0,0,36,------0,0,0.0,------36,
475,159,0,0,0,36,------0,0,0.0,------36,
478,160,0,0,0,36,------0,0,0.0,------36,
481,161,0,0,0,36,------0,0,0.0,------36,
484,162,0,0,0,36,------0,0,0.0,------36,
487,163,0,0,0,36,------0,0,0.0,------36,
490,164,0,0,0,36,------0,0,0.0,------36,
493,165,0,0,0,36,------0,0,0.0,------36,
496,166,0,1,0,36,------0,0,0.0,------36,
499,167,0,1,0,36,------0,0,0.0,------36,
502,168,0,1,0,36,------0,0,0.0,------36,
505,169,0,1,0,36,------0,0,0.0,------36,
508,170,0,1,0,36,------0,0,0.0,------36,
511,171,0,0,0,36,------0,0,0.0,------36,
514,172,0,0,0,36,------0,0,0.0,------36,
517,173,0,0,0,36,------0,0,0.0,------36,
520,174,0,0,0,36,------0,0,0.0,------36,
523,175,0,0,0,36,------0,0,0.0,------36,
526,176,0,1,0,36,------0,0,0.0,------36,
529,177,0,1,0,36,------0,0,0.0,------36,
532,178,0,1,0,36,------0,0,0.0,------36,
535,179,0,1,0,36,------0,0,0.0,------36,
538,180,0,1,0,36,------0,0,0.0,------36,
541,181,0,1,0,36,------0,0,0.0,------36,
544,182,0,1,0,36,------0,0,0.0,------36,
547,183,0,1,0,36,------0,0,0.0,------36,
550,184,0,1,0,36,------0,0,0.0,------36,
553,185,0,1,0,36,------0,0,0.0,------36,
556,186,0,0,0,36,------0,0,0.0,------36,
559,187,0,0,0,36,------0,0,0.0,------36,
562,188,0,0,0,36,------0,0,0.0,------36,
565,189,0,0,0,36,------0,0,0.0,------36,
568,190,0,0,0,36,------0,0,0.0,------36,
571,191,0,1,0,36,------0,0,0.0,------36,
574,192,0,1,0,36,------0,0,0.0,------36,
577,193,0,1,0,36,------0,0,0.0,------36,
580,194,0,1,0,36,------0,0,0.0,------36,
583,195,0,1,0,36,------0,0,0.0,------36,
586,196,0,0,0,36,------0,0,0.0,------36,
589,197,0,0,0,36,------0,0,0.0,------36,
592,198,0,0,0,36,------0,0,0.0,------36,
595,199,0,0,0,36,------0,0,0.0,------36,
598,200,0,0,0,36,------0,0,0.0,------36,
601,201,0,1,0,36,------0,0,0.0,------36,
604,202,0,1,0,36,------0,0,0.0,------36,
607,203,0,1,0,36,------0,0,0.0,------36,
610,204,0,1,0,36,------0,0,0.0,------36,
613,205,0,1,0,36,------0,0,0.0,------36,
616,206,0,0,0,36,------0,0,0.0,------36,
619,207,0,0,0,36,------0,0,0.0,------36,
622,208,0,0,0,36,------0,0,0.0,------36,
625,209,0,0,0,36,------0,0,0.0,------36,
628,210,0,0,0,36,------0,0,0.0,------36,
631,211,0,0,0,36,------0,0,0.0,------36,
634,212,0,0,0,36,------0,0,0.0,------36,
637,213,0,0,0,36,------0,0,0.0,------36,
640,214,0,0,0,36,------0,0,0.0,------36,
643,215,0,0,0,36,------0,0,0.0,------36,
646,216,0,0,0,36,------0,0,0.0,------36,
649,217,0,0,0,36,------0,0,0.0,------36,
652,218,0,0,0,36,------0,0,0.0,------36,
655,219,0,0,0,36,------0,0,0.0,------36,
658,220,0,0,0,36,------0,0,0.0,------36,
661,221,0,1,0,36,------0,0,0.0,------36,
664,222,0,1,0,36,------0,0,0.0,------36,
667,223,0,1,0,36,------0,0,0.0,------36,
670,224,0,1,0,36,------0,0,0.0,------36,
673,225,0,1,0,36,------0,0,0.0,------36,
676,226,0,0,0,36,------0,0,0.0,------36,
679,227,0,0,0,36,------0,0,0.0,------36,
682,228,0,0,0,36,------0,0,0.0,------36,
685,229,0,0,0,36,------0,0,0.0,------36,
688,230,0,0,0,36,------0,0,0.0,------36,
691,231,0,1,0,36,------0,0,0.0,------36,
694,232,0,1,0,36,------0,0,0.0,------36,
697,233,0,1,0,36,------0,0,0.0,------36,
700,234,0,1,0,36,------0,0,0.0,------36,
703,235,0,1,0,36,------0,0,0.0,------36,
706,236,0,0,0,36,------0,0,0.0,------36,
709,237,0,0,0,36,------0,0,0.0,------36,
712,238,0,0,0,36,------0,0,0.0,------36,
715,239,0,0,0,36,------0,0,0.0,------36,
718,240,0,0,0,36,------0,0,0.0,------36,
721,241,0,0,0,36,------0,0,0.0,------36,
724,242,0,0,0,36,------0,0,0.0,------36,
727,243,0,0,0,36,------0,0,0.0,------36,
730,244,0,0,0,36,------0,0,0.0,------36,
733,245,0,0,0,36,------0,0,0.0,------36,
736,246,0,0,0,36,------0,0,0.0,------36,
739,247,0,0,0,36,------0,0,0.0,------36,
742,248,0,0,0,36,------0,0,0.0,------36,
745,249,0,0,0,36,------0,0,0.0,------36,
748,250,0,0,0,36,------0,0,0.0,------36,
751,251,0,1,0,36,------0,0,0.0,------36,
754,252,0,1,0,36,------0,0,0.0,------36,
757,253,0,1,0,36,------0,0,0.0,------36,
760,254,0,1,0,36,------0,0,0.0,------36,
763,255,0,1,0,36,------0,0,0.0,------36,
766,256,0,0,0,36,------0,0,0.0,------36,
769,257,0,0,0,36,------0,0,0.0,------36,
772,258,0,0,0,36,------0,0,0.0,------36,
775,259,0,0,0,36,------0,0,0.0,------36,
778,260,0,0,0,36,------0,0,0.0,------36,
781,261,0,0,0,36,------0,0,0.0,------36,
784,262,0,0,0,36,------0,0,0.0,------36,
787,263,0,0,0,36,------0,0,0.0,------36,
790,264,0,0,0,36,------0,0,0.0,------36,
793,265,0,0,0,36,------0,0,0.0,------36,
796,266,0,1,0,36,------0,0,0.0,------36,
799,267,0,1,0,36,------0,0,0.0,------36,
802,268,0,1,0,36,------0,0,0.0,------36,
805,269,0,1,0,36,------0,0,0.0,------36,
808,270,0,1,0,36,------0,0,0.0,------36,
811,271,0,1,0,36,------0,0,0.0,------36,
814,272,0,1,0,36,------0,0,0.0,------36,
817,273,0,1,0,36,------0,0,0.0,------36,
820,274,0,1,0,36,------0,0,0.0,------36,
823,275,0,1,0,36,------0,0,0.0,------36,
826,276,0,0,0,36,------0,0,0.0,------36,
829,277,0,0,0,36,------0,0,0.0,------36,
832,278,0,0,0,36,------0,0,0.0,------36,
835,279,0,0,0,36,------0,0,0.0,------36,
838,280,0,0,0,36,------0,0,0.0,------36,
841,281,0,0,0,36,------0,0,0.0,------36,
844,282,0,0,0,36,------0,0,0.0,------36,
847,283,0,0,0,36,------0,0,0.0,------36,
850,284,0,0,0,36,------0,0,0.0,------36,
853,285,0,0,0,36,------0,0,0.0,------36,
856,286,0,1,0,36,------0,0,0.0,------36,
859,287,0,1,0,36,------0,0,0.0,------36,
862,288,0,1,0,36,------0,0,0.0,------36,
865,289,0,1,0,36,------0,0,0.0,------36,
868,290,0,1,0,36,------0,0,0.0,------36,
871,291,0,0,0,36,------0,0,0.0,------36,
874,292,0,0,0,36,------0,0,0.0,------36,
877,293,0,0,0,36,------0,0,0.0,------36,
880,294,0,0,0,36,------0,0,0.0,------36,
883,295,0,0,0,36,------0,0,0.0,------36,
886,296,0,1,0,36,------0,0,0.0,------36,
889,297,0,1,0,36,------0,0,0.0,------36,
892,298,0,1,0,36,------0,0,0.0,------36,
895,299,0,1,0,36,------0,0,0.0,------36,
898,300,0,1,0,36,------0,0,0.0,------36,
901,301,0,1,0,36,------0,0,0.0,------36,
904,302,0,1,0,36,------0,0,0.0,------36,
907,303,0,1,0,36,------0,0,0.0,------36,
910,304,0,1,0,36,------0,0,0.0,------36,
913,305,0,1,0,36,------0,0,0.0,------36,
916,306,0,0,0,36,------0,0,0.0,------36,
919,307,0,0,0,36,------0,0,0.0,------36,
922,308,0,0,0,36,------0,0,0.0,------36,
925,309,0,0,0,36,------0,0,0.0,------36,
928,310,0,0,0,36,------0,0,0.0,------36,
931,311,0,1,0,36,------0,0,0.0,------36,
934,312,0,1,0,36,------0,0,0.0,------36,
937,313,0,1,0,36,------0,0,0.0,------36,
940,314,0,1,0,36,------0,0,0.0,------36,
943,315,0,1,0,36,------0,0,0.0,------36,
946,316,0,0,0,36,------0,0,0.0,------36,
949,317,0,0,0,36,------0,0,0.0,------36,
952,318,0,0,0,36,------0,0,0.0,------36,
955,319,0,0,0,36,------0,0,0.0,------36,
958,320,0,0,0,36,------0,0,0.0,------36,
961,321,0,1,0,36,------0,0,0.0,------36,
964,322,0,1,0,36,------0,0,0.0,------36,
967,323,0,1,0,36,------0,0,0.0,------36,
970,324,0,1,0,36,------0,0,0.0,------36,
973,325,0,1,0,36,------0,0,0.0,------36,
976,326,0,0,0,36,------0,0,0.0,------36,
979,327,0,0,0,36,------0,0,0.0,------36,
982,328,0,0,0,36,------0,0,0.0,------36,
985,329,0,0,0,36,------0,0,0.0,------36,
988,330,0,0,0,36,------0,0,0.0,------36,
991,331,0,0,0,36,------0,0,0.0,------36,
994,332,0,0,0,36,------0,0,0.0,------36,
997,333,0,0,0,36,------0,0,0.0,------36,
1000,334,0,0,0,36,------0,0,0.0,------36,
1003,335,0,0,0,36,------0,0,0.0,------36,
1006,336,0,1,0,36,------0,0,0.0,------36,
1009,337,0,1,0,36,------0,0,0.0,------36,
1012,338,0,1,0,36,------0,0,0.0,------36,
1015,339,0,1,0,36,------0,0,0.0,------36,
1018,340,0,1,0,36,------0,0,0.0,------36,
1021,341,0,0,0,36,------0,0,0.0,------36,
1024,342,0,0,0,36,------0,0,0.0,------36,
1027,343,0,0,0,36,------0,0,0.0,------36,
1030,344,0,0,0,36,------0,0,0.0,------36,
1033,345,0,0,0,36,------0,0,0.0,------36,
1036,346,0,1,0,36,------0,0,0.0,------36,
1039,347,0,1,0,36,------0,0,0.0,------36,
1042,348,0,1,0,36,------0,0,0.0,------36,
1045,349,0,1,0,36,------0,0,0.0,------36,
1048,350,0,1,0,36,------0,0,0.0,------36,
1051,351,0,0,0,36,------0,0,0.0,------36,
1054,352,0,0,0,36,------0,0,0.0,------36,
1057,353,0,0,0,36,------0,0,0.0,------36,
1060,354,0,0,0,36,------0,0,0.0,------36,
1063,355,0,0,0,36,------0,0,0.0,------36,
1066,356,0,0,0,36,------0,0,0.0,------36,
1069,357,0,0,0,36,------0,0,0.0,------36,
1072,358,0,0,0,36,------0,0,0.0,------36,
1075,359,0,0,0,36,------0,0,0.0,------36,
1078,360,0,0,0,36,------0,0,0.0,------36,
1081,361,0,1,0,36,------0,0,0.0,------36,
1084,362,0,1,0,36,------0,0,0.0,------36,
1087,363,0,1,0,36,------0,0,0.0,------36,
1090,364,0,1,0,36,------0,0,0.0,------36,
1093,365,0,1,0,36,------0,0,0.0,------36,
1096,366,0,0,0,36,------0,0,0.0,------36,
1099,367,0,0,0,36,------0,0,0.0,------36,
1102,368,0,0,0,36,------0,0,0.0,------36,
1105,369,0,0,0,36,------0,0,0.0,------36,
1108,370,0,0,0,36,------0,0,0.0,------36,
1111,371,0,0,0,36,------0,0,0.0,------36,
1114,372,0,0,0,36,------0,0,0.0,------36,
1117,373,0,0,0,36,------0,0,0.0,------36,
1120,374,0,0,0,36,------0,0,0.0,------36,
1123,375,0,0,0,36,------0,0,0.0,------36,
1126,376,0,1,0,36,------0,0,0.0,------36,
1129,377,0,1,0,36,------0,0,0.0,------36,
1132,378,0,1,0,36,------0,0,0.0,------36,
1135,379,0,1,0,36,------0,0,0.0,------36,
1138,380,0,1,0,36,------0,0,0.0,------36,
1141,381,0,0,0,36,------0,0,0.0,------36,
1144,382,0,0,0,36,------0,0,0.0,------36,
1147,383,0,0,0,36,------0,0,0.0,------36,
1150,384,0,0,0,36,------0,0,0.0,------36,
1153,385,0,0,0,36,------0,0,0.0,------36,
1156,386,0,1,0,36,------0,0,0.0,------36,
1159,387,0,1,0,36,------0,0,0.0,------36,
1162,388,0,1,0,36,------0,0,0.0,------36,
1165,389,0,1,0,36,------0,0,0.0,------36,
1168,390,0,1,0,36,------0,0,0.0,------36,
1171,391,0,1,0,36,------0,0,0.0,------36,
1174,392,0,1,0,36,------0,0,0.0,------36,
1177,393,0,1,0,36,------0,0,0.0,------36,
1180,394,0,1,0,36,------0,0,0.0,------36,
1183,395,0,1,0,36,------0,0,0.0,------36,
1186,396,0,0,0,36,------0,0,0.0,------36,
1189,397,0,0,0,36,------0,0,0.0,------36,
1192,398,0,0,0,36,------0,0,0.0,------36,
1195,399,0,0,0,36,------0,0,0.0,------36,
1198,400,0,0,0,36,------0,0,0.0,------36,
1201,401,0,1,0,36,------0,0,0.0,------36,
1204,402,0,1,0,36,------0,0,0.0,------36,
1207,403,0,1,0,36,------0,0,0.0,------36,
1210,404,0,1,0,36,------0,0,0.0,------36,
1213,405,0,1,0,36,------0,0,0.0,------36,
1216,406,0,0,0,36,------0,0,0.0,------36,
1219,407,0,0,0,36,------0,0,0.0,------36,
1222,408,0,0,0,36,------0,0,0.0,------36,
1225,409,0,0,0,36,------0,0,0.0,------36,
1228,410,0,0,0,36,------0,0,0.0,------36,
1231,411,0,1,0,36,------0,0,0.0,------36,
1234,412,0,1,0,36,------0,0,0.0,------36,
1237,413,0,1,0,36,------0,0,0.0,------36,
1240,414,0,1,0,36,------0,0,0.0,------36,
1243,415,0,1,0,36,------0,0,0.0,------36,
1246,416,0,0,0,36,------0,0,0.0,------36,
1249,417,0,0,0,36,------0,0,0.0,------36,
1252,418,0,0,0,36,------0,0,0.0,------36,
1255,419,0,0,0,36,------0,0,0.0,------36,
1258,420,0,0,0,36,------0,0,0.0,------36,
1261,421,0,0,0,36,------0,0,0.0,------36,
1264,422,0,0,0,36,------0,0,0.0,------36,
1267,423,0,0,0,36,------0,0,0.0,------36,
1270,424,0,0,0,36,------0,0,0.0,------36,
1273,425,0,0,0,36,------0,0,0.0,------36,
1276,426,0,0,0,36,------0,0,0.0,------36,
1279,427,0,0,0,36,------0,0,0.0,------36,
1282,428,0,0,0,36,------0,0,0.0,------36,
1285,429,0,0,0,36,------0,0,0.0,------36,
1288,430,0,0,0,36,------0,0,0.0,------36,
1291,431,0,1,0,36,------0,0,0.0,------36,
1294,432,0,1,0,36,------0,0,0.0,------36,
1297,433,0,1,0,36,------0,0,0.0,------36,
1300,434,0,1,0,36,------0,0,0.0,------36,
1303,435,0,1,0,36,------0,0,0.0,------36,
1306,436,0,0,0,36,------0,0,0.0,------36,
1309,437,0,0,0,36,------0,0,0.0,------36,
1312,438,0,0,0,36,------0,0,0.0,------36,
1315,439,0,0,0,36,------0,0,0.0,------36,
1318,440,0,0,0,36,------0,0,0.0,------36,
1321,441,0,1,0,36,------0,0,0.0,------36,
1324,442,0,1,0,36,------0,0,0.0,------36,
1327,443,0,1,0,36,------0,0,0.0,------36,
1330,444,0,1,0,36,------0,0,0.0,------36,
1333,445,0,1,0,36,------0,0,0.0,------36,
1336,446,0,0,0,36,------0,0,0.0,------36,
1339,447,0,0,0,36,------0,0,0.0,------36,
1342,448,0,0,0,36,------0,0,0.0,------36,
1345,449,0,0,0,36,------0,0,0.0,------36,
1348,450,0,0,0,36,------0,0,0.0,------36,
1351,451,0,0,0,36,------0,0,0.0,------36,
1354,452,0,0,0,36,------0,0,0.0,------36,
1357,453,0,0,0,36,------0,0,0.0,------36,
1360,454,0,0,0,36,------0,0,0.0,------36,
1363,455,0,0,0,36,------0,0,0.0,------36,
1366,456,0,0,0,36,------0,0,0.0,------36,
1369,457,0,0,0,36,------0,0,0.0,------36,
1372,458,0,0,0,36,------0,0,0.0,------36,
1375,459,0,0,0,36,------0,0,0.0,------36,
1378,460,0,0,0,36,------0,0,0.0,------36,
1381,461,0,1,0,36,------0,0,0.0,------36,
1384,462,0,1,0,36,------0,0,0.0,------36,
1387,463,0,1,0,36,------0,0,0.0,------36,
1390,464,0,1,0,36,------0,0,0.0,------36,
1393,465,0,1,0,36,------0,0,0.0,------36,
1396,466,0,0,0,36,------0,0,0.0,------36,
1399,467,0,0,0,36,------0,0,0.0,------36,
1402,468,0,0,0,36,------0,0,0.0,------36,
1405,469,0,0,0,36,------0,0,0.0,------36,
1408,470,0,0,0,36,------0,0,0.0,------36,
1411,471,0,0,0,36,------0,0,0.0,------36,
1414,472,0,0,0,36,------0,0,0.0,------36,
1417,473,0,0,0,36,------0,0,0.0,------36,
1420,474,0,0,0,36,------0,0,0.0,------36,
1423,475,0,0,0,36,------0,0,0.0,------36,
1426,476,0,1,0,36,------0,0,0.0,------36,
1429,477,0,1,0,36,------0,0,0.0,------36,
1432,478,0,1,0,36,------0,0,0.0,------36,
1435,479,0,1,0,36,------0,0,0.0,------36,
1438,480,0,1,0,36,------0,0,0.0,------36,
1441,481,0,1,0,36,------0,0,0.0,------36,
1444,482,0,1,0,36,------0,0,0.0,------36,
1447,483,0,1,0,36,------0,0,0.0,------36,
1450,484,0,1,0,36,------0,0,0.0,------36,
1453,485,0,1,0,36,------0,0,0.0,------36,
1456,486,0,0,0,36,------0,0,0.0,------36,
1459,487,0,0,0,36,------0,0,0.0,------36,
1462,488,0,0,0,36,------0,0,0.0,------36,
1465,489,0,0,0,36,------0,0,0.0,------36,
1468,490,0,0,0,36,------0,0,0.0,------36,
1471,491,0,0,0,36,------0,0,0.0,------36,
1474,492,0,0,0,36,------0,0,0.0,------36,
1477,493,0,0,0,36,------0,0,0.0,------36,
1480,494,0,0,0,36,------0,0,0.0,------36,
1483,495,0,0,0,36,------0,0,0.0,------36,
1486,496,0,1,0,36,------0,0,0.0,------36,
1489,497,0,1,0,36,------0,0,0.0,------36,
1492,498,0,1,0,36,------0,0,0.0,------36,
1495,499,0,1,0,36,------0,0,0.0,------36,
1498,500,0,1,0,36,------0,0,0.0,------36,
1501,501,0,0,0,36,------0,0,0.0,------36,
1504,502,0,0,0,36,------0,0,0.0,------36,
1507,503,0,0,0,36,------0,0,0.0,------36,
1510,504,0,0,0,36,------0,0,0.0,------36,
1513,505,0,0,0,36,------0,0,0.0,------36,
1516,506,0,1,0,36,------0,0,0.0,------36,
1519,507,0,1,0,36,------0,0,0.0,------36,
1522,508,0,1,0,36,------0,0,0.0,------36,
1525,509,0,1,0,36,------0,0,0.0,------36,
1528,510,0,1,0,36,------0,0,0.0,------36,
1531,511,0,1,0,36,------0,0,0.0,------36,
1534,512,0,1,0,36,------0,0,0.0,------36,
1537,513,0,1,0,36,------0,0,0.0,------36,
1540,514,0,1,0,36,------0,0,0.0,------36,
1543,515,0,1,0,36,------0,0,0.0,------36,
1546,516,0,0,0,36,------0,0,0.0,------36,
1549,517,0,0,0,36,------0,0,0.0,------36,
1552,518,0,0,0,36,------0,0,0.0,------36,
1555,519,0,0,0,36,------0,0,0.0,------36,
1558,520,0,0,0,36,------0,0,0.0,------36,
1561,521,0,1,0,36,------0,0,0.0,------36,
1564,522,0,1,0,36,------0,0,0.0,------36,
1567,523,0,1,0,36,------0,0,0.0,------36,
1570,524,0,1,0,36,------0,0,0.0,------36,
1573,525,0,1,0,36,------0,0,0.0,------36,
1576,526,0,0,0,36,------0,0,0.0,------36,
1579,527,0,0,0,36,------0,0,0.0,------36,
1582,528,0,0,0,36,------0,0,0.0,------36,
1585,529,0,0,0,36,------0,0,0.0,------36,
1588,530,0,0,0,36,------0,0,0.0,------36,
1591,531,0,1,0,36,------0,0,0.0,------36,
1594,532,0,1,0,36,------0,0,0.0,------36,
1597,533,0,1,0,36,------0,0,0.0,------36,
1600,534,0,1,0,36,------0,0,0.0,------36,
1603,535,0,1,0,36,------0,0,0.0,------36,
1606,536,0,0,0,36,------0,0,0.0,------36,
1609,537,0,0,0,36,------0,0,0.0,------36,
1612,538,0,0,0,36,------0,0,0.0,------36,
1615,539,0,0,0,36,------0,0,0.0,------36,
1618,540,0,0,0,36,------0,0,0.0,------36,
1621,541,0,0,0,36,------0,0,0.0,------36,
1624,542,0,0,0,36,------0,0,0.0,------36,
1627,543,0,0,0,36,------0,0,0.0,------36,
1630,544,0,0,0,36,------0,0,0.0,------36,
1633,545,0,0,0,36,------0,0,0.0,------36,
1636,546,0,1,0,36,------0,0,0.0,------36,
1639,547,0,1,0,36,------0,0,0.0,------36,
1642,548,0,1,0,36,------0,0,0.0,------36,
1645,549,0,1,0,36,------0,0,0.0,------36,
1648,550,0,1,0,36,------0,0,0.0,------36,
1651,551,0,0,0,36,------0,0,0.0,------36,
1654,552,0,0,0,36,------0,0,0.0,------36,
1657,553,0,0,0,36,------0,0,0.0,------36,
1660,554,0,0,0,36,------0,0,0.0,------36,
1663,555,0,0,0,36,------0,0,0.0,------36,
1666,556,0,1,0,36,------0,0,0.0,------36,
1669,557,0,1,0,36,------0,0,0.0,------36,
1672,558,0,1,0,36,------0,0,0.0,------36,
1675,559,0,1,0,36,------0,0,0.0,------36,
1678,560,0,1,0,36,------0,0,0.0,------36,
1681,561,0,0,0,36,------0,0,0.0,------36,
1684,562,0,0,0,36,------0,0,0.0,------36,
1687,563,0,0,0,36,------0,0,0.0,------36,
1690,564,0,0,0,36,------0,0,0.0,------36,
1693,565,0,0,0,36,------0,0,0.0,------36,
1696,566,0,0,0,36,------0,0,0.0,------36,
1699,567,0,0,0,36,------0,0,0.0,------36,
1702,568,0,0,0,36,------0,0,0.0,------36,
1705,569,0,0,0,36,------0,0,0.0,------36,
1708,570,0,0,0,36,------0,0,0.0,------36,
1711,571,0,1,0,36,------0,0,0.0,------36,
1714,572,0,1,0,36,------0,0,0.0,------36,
1717,573,0,1,0,36,------0,0,0.0,------36,
1720,574,0,1,0,36,------0,0,0.0,------36,
1723,575,0,1,0,36,------0,0,0.0,------36,
1726,576,0,0,0,36,------0,0,0.0,------36,
1729,577,0,0,0,36,------0,0,0.0,------36,
1732,578,0,0,0,36,------0,0,0.0,------36,
1735,579,0,0,0,36,------0,0,0.0,------36,
1738,580,0,0,0,36,------0,0,0.0,------36,
1741,581,0,0,0,36,------0,0,0.0,------36,
1744,582,0,0,0,36,------0,0,0.0,------36,
1747,583,0,0,0,36,------0,0,0.0,------36,
1750,584,0,0,0,36,------0,0,0.0,------36,
1753,585,0,0,0,36,------0,0,0.0,------36,
1756,586,0,1,0,36,------0,0,0.0,------36,
1759,587,0,1,0,36,------0,0,0.0,------36,
1762,588,0,1,0,36,------0,0,0.0,------36,
1765,589,0,1,0,36,------0,0,0.0,------36,
1768,590,0,1,0,36,------0,0,0.0,------36,
1771,591,0,0,0,36,------0,0,0.0,------36,
1774,592,0,0,0,36,------0,0,0.0,------36,
1777,593,0,0,0,36,------0,0,0.0,------36,
1780,594,0,0,0,36,------0,0,0.0,------36,
1783,595,0,0,0,36,------0,0,0.0,------36,
1786,596,0,1,0,36,------0,0,0.0,------36,
1789,597,0,1,0,36,------0,0,0.0,------36,
1792,598,0,1,0,36,------0,0,0.0,------36,
1795,599,0,1,0,36,------0,0,0.0,------36,
1798,600,0,1,0,36,------0,0,0.0,------36,
1801,601,0,1,0,36,------0,0,0.0,------36,
1804,602,0,1,0,36,------0,0,0.0,------36,
1807,603,0,1,0,36,------0,0,0.0,------36,
1810,604,0,1,0,36,------0,0,0.0,------36,
1813,605,0,1,0,36,------0,0,0.0,------36,
1816,606,0,0,0,36,------0,0,0.0,------36,
1819,607,0,0,0,36,------0,0,0.0,------36,
1822,608,0,0,0,36,------0,0,0.0,------36,
1825,609,0,0,0,36,------0,0,0.0,------36,
1828,610,0,0,0,36,------0,0,0.0,------36,
1831,611,0,1,0,36,------0,0,0.0,------36,
1834,612,0,1,0,36,------0,0,0.0,------36,
1837,613,0,1,0,36,------0,0,0.0,------36,
1840,614,0,1,0,36,------0,0,0.0,------36,
1843,615,0,1,0,36,------0,0,0.0,------36,
1846,616,0,0,0,36,------0,0,0.0,------36,
1849,617,0,0,0,36,------0,0,0.0,------36,
1852,618,0,0,0,36,------0,0,0.0,------36,
1855,619,0,0,0,36,------0,0,0.0,------36,
1858,620,0,0,0,36,------0,0,0.0,------36,
1861,621,0,1,0,36,------0,0,0.0,------36,
1864,622,0,1,0,36,------0,0,0.0,------36,
1867,623,0,1,0,36,------0,0,0.0,------36,
1870,624,0,1,0,36,------0,0,0.0,------36,
1873,625,0,1,0,36,------0,0,0.0,------36,
1876,626,0,0,0,36,------0,0,0.0,------36,
1879,627,0,0,0,36,------0,0,0.0,------36,
1882,628,0,0,0,36,------0,0,0.0,------36,
1885,629,0,0,0,36,------0,0,0.0,------36,
1888,630,0,0,0,36,------0,0,0.0,------36,
1891,631,0,0,0,36,------0,0,0.0,------36,
1894,632,0,0,0,36,------0,0,0.0,------36,
1897,633,0,0,0,36,------0,0,0.0,------36,
1900,634,0,0,0,36,------0,0,0.0,------36,
1903,635,0,0,0,36,------0,0,0.0,------36,
1906,636,0,0,0,36,------0,0,0.0,------36,
1909,637,0,0,0,36,------0,0,0.0,------36,
1912,638,0,0,0,36,------0,0,0.0,------36,
1915,639,0,0,0,36,------0,0,0.0,------36,
1918,640,0,0,0,36,------0,0,0.0,------36,
1921,641,0,1,0,36,------0,0,0.0,------36,
1924,642,0,1,0,36,------0,0,0.0,------36,
1927,643,0,1,0,36,------0,0,0.0,------36,
1930,644,0,1,0,36,------0,0,0.0,------36,
1933,645,0,1,0,36,------0,0,0.0,------36,
1936,646,0,0,0,36,------0,0,0.0,------36,
1939,647,0,0,0,36,------0,0,0.0,------36,
1942,648,0,0,0,36,------0,0,0.0,------36,
1945,649,0,0,0,36,------0,0,0.0,------36,
1948,650,0,0,0,36,------0,0,0.0,------36,
1951,651,0,1,0,36,------0,0,0.0,------36,
1954,652,0,1,0,36,------0,0,0.0,------36,
1957,653,0,1,0,36,------0,0,0.0,------36,
1960,654,0,1,0,36,------0,0,0.0,------36,
1963,655,0,1,0,36,------0,0,0.0,------36,
1966,656,0,0,0,36,------0,0,0.0,------36,
1969,657,0,0,0,36,------0,0,0.0,------36,
1972,658,0,0,0,36,------0,0,0.0,------36,
1975,659,0,0,0,36,------0,0,0.0,------36,
1978,660,0,0,0,36,------0,0,0.0,------36,
1981,661,0,0,0,36,------0,0,0.0,------36,
1984,662,0,0,0,36,------0,0,0.0,------36,
1987,663,0,0,0,36,------0,0,0.0,------36,
1990,664,0,0,0,36,------0,0,0.0,------36,
1993,665,0,0,0,36,------0,0,0.0,------36,
1996,666,0,0,0,36,------0,0,0.0,------36,
1999,667,0,0,0,36,------0,0,0.0,------36,
2002,668,0,0,0,36,------0,0,0.0,------36,
2005,669,0,0,0,36,------0,0,0.0,------36,
2008,670,0,0,0,36,------0,0,0.0,------36,
2011,671,0,1,0,36,------0,0,0.0,------36,
2014,672,0,1,0,36,------0,0,0.0,------36,
2017,673,0,1,0,36,------0,0,0.0,------36,
2020,674,0,1,0,36,------0,0,0.0,------36,
2023,675,0,1,0,36,------0,0,0.0,------36,
2026,676,0,0,0,36,------0,0,0.0,------36,
2029,677,0,0,0,36,------0,0,0.0,------36,
2032,678,0,0,0,36,------0,0,0.0,------36,
2035,679,0,0,0,36,------0,0,0.0,------36,
2038,680,0,0,0,36,------0,0,0.0,------36,
2041,681,0,0,0,36,------0,0,0.0,------36,
2044,682,0,0,0,36,------0,0,0.0,------36,
2047,683,0,0,0,36,------0,0,0.0,------36,
2050,684,0,0,0,36,------0,0,0.0,------36,
2053,685,0,0,0,36,------0,0,0.0,------36,
2056,686,0,1,0,36,------0,0,0.0,------36,
2059,687,0,1,0,36,------0,0,0.0,------36,
2062,688,0,1,0,36,------0,0,0.0,------36,
2065,689,0,1,0,36,------0,0,0.0,------36,
2068,690,0,1,0,36,------0,0,0.0,------36,
2071,691,0,1,0,36,------0,0,0.0,------36,
2074,692,0,1,0,36,------0,0,0.0,------36,
2077,693,0,1,0,36,------0,0,0.0,------36,
2080,694,0,1,0,36,------0,0,0.0,------36,
2083,695,0,1,0,36,------0,0,0.0,------36,
2086,696,0,0,0,36,------0,0,0.0,------36,
2089,697,0,0,0,36,------0,0,0.0,------36,
2092,698,0,0,0,36,------0,0,0.0,------36,
2095,699,0,0,0,36,------0,0,0.0,------36,
2098,700,0,0,0,36,------0,0,0.0,------36,
2101,701,0,0,0,36,------0,0,0.0,------36,
2104,702,0,0,0,36,------0,0,0.0,------36,
2107,703,0,0,0,36,------0,0,0.0,------36,
2110,704,0,0,0,36,------0,0,0.0,------36,
2113,705,0,0,0,36,------0,0,0.0,------36,
2116,706,0,1,0,36,------0,0,0.0,------36,
2119,707,0,1,0,36,------0,0,0.0,------36,
2122,708,0,1,0,36,------0,0,0.0,------36,
2125,709,0,1,0,36,------0,0,0.0,------36,
2128,710,0,1,0,36,------0,0,0.0,------36,
2131,711,0,0,0,36,------0,0,0.0,------36,
2134,712,0,0,0,36,------0,0,0.0,------36,
2137,713,0,0,0,36,------0,0,0.0,------36,
2140,714,0,0,0,36,------0,0,0.0,------36,
2143,715,0,0,0,36,------0,0,0.0,------36,
2146,716,0,1,0,36,------0,0,0.0,------36,
2149,717,0,1,0,36,------0,0,0.0,------36,
2152,718,0,1,0,36,------0,0,0.0,------36,
2155,719,0,1,0,36,------0,0,0.0,------36,
2158,720,0,1,0,36,------0,0,0.0,------36,
2161,721,0,1,0,36,------0,0,0.0,------36,
2164,722,0,1,0,36,------0,0,0.0,------36,
2167,723,0,1,0,36,------0,0,0.0,------36,
2170,724,0,1,0,36,------0,0,0.0,------36,
2173,725,0,1,0,36,------0,0,0.0,------36,
2176,726,0,0,0,36,------0,0,0.0,------36,
2179,727,0,0,0,36,------0,0,0.0,------36,
2182,728,0,0,0,36,------0,0,0.0,------36,
2185,729,0,0,0,36,------0,0,0.0,------36,
2188,730,0,0,0,36,------0,0,0.0,------36,
2191,731,0,1,0,36,------0,0,0.0,------36,
2194,732,0,1,0,36,------0,0,0.0,------36,
2197,733,0,1,0,36,------0,0,0.0,------36,
2200,734,0,1,0,36,------0,0,0.0,------36,
2203,735,0,1,0,36,------0,0,0.0,------36,
2206,736,0,0,0,36,------0,0,0.0,------36,
2209,737,0,0,0,36,------0,0,0.0,------36,
2212,738,0,0,0,36,------0,0,0.0,------36,
2215,739,0,0,0,36,------0,0,0.0,------36,
2218,740,0,0,0,36,------0,0,0.0,------36,
2221,741,0,1,0,36,------0,0,0.0,------36,
2224,742,0,1,0,36,------0,0,0.0,------36,
2227,743,0,1,0,36,------0,0,0.0,------36,
2230,744,0,1,0,36,------0,0,0.0,------36,
2233,745,0,1,0,36,------0,0,0.0,------36,
2236,746,0,0,0,36,------0,0,0.0,------36,
2239,747,0,0,0,36,------0,0,0.0,------36,
2242,748,0,0,0,36,------0,0,0.0,------36,
2245,749,0,0,0,36,------0,0,0.0,------36,
2248,750,0,0,0,36,------0,0,0.0,------36,
2251,751,0,0,0,36,------0,0,0.0,------36,
2254,752,0,0,0,36,------0,0,0.0,------36,
2257,753,0,0,0,36,------0,0,0.0,------36,
2260,754,0,0,0,36,------0,0,0.0,------36,
2263,755,0,0,0,36,------0,0,0.0,------36,
2266,756,0,1,0,36,------0,0,0.0,------36,
2269,757,0,1,0,36,------0,0,0.0,------36,
2272,758,0,1,0,36,------0,0,0.0,------36,
2275,759,0,1,0,36,------0,0,0.0,------36,
2278,760,0,1,0,36,------0,0,0.0,------36,
2281,761,0,0,0,36,------0,0,0.0,------36,
2284,762,0,0,0,36,------0,0,0.0,------36,
2287,763,0,0,0,36,------0,0,0.0,------36,
2290,764,0,0,0,36,------0,0,0.0,------36,
2293,765,0,0,0,36,------0,0,0.0,------36,
2296,766,0,1,0,36,------0,0,0.0,------36,
2299,767,0,1,0,36,------0,0,0.0,------36,
2302,768,0,1,0,36,------0,0,0.0,------36,
2305,769,0,1,0,36,------0,0,0.0,------36,
2308,770,0,1,0,36,------0,0,0.0,------36,
2311,771,0,0,0,36,------0,0,0.0,------36,
2314,772,0,0,0,36,------0,0,0.0,------36,
2317,773,0,0,0,36,------0,0,0.0,------36,
2320,774,0,0,0,36,------0,0,0.0,------36,
2323,775,0,0,0,36,------0,0,0.0,------36,
2326,776,0,0,0,36,------0,0,0.0,------36,
2329,777,0,0,0,36,------0,0,0.0,------36,
2332,778,0,0,0,36,------0,0,0.0,------36,
2335,779,0,0,0,36,------0,0,0.0,------36,
2338,780,0,0,0,36,------0,0,0.0,------36,
2341,781,0,1,0,36,------0,0,0.0,------36,
2344,782,0,1,0,36,------0,0,0.0,------36,
2347,783,0,1,0,36,------0,0,0.0,------36,
2350,784,0,1,0,36,------0,0,0.0,------36,
2353,785,0,1,0,36,------0,0,0.0,------36,
2356,786,0,0,0,36,------0,0,0.0,------36,
2359,787,0,0,0,36,------0,0,0.0,------36,
2362,788,0,0,0,36,------0,0,0.0,------36,
2365,789,0,0,0,36,------0,0,0.0,------36,
2368,790,0,0,0,36,------0,0,0.0,------36,
2371,791,0,0,0,36,------0,0,0.0,------36,
2374,792,0,0,0,36,------0,0,0.0,------36,
2377,793,0,0,0,36,------0,0,0.0,------36,
2380,794,0,0,0,36,------0,0,0.0,------36,
2383,795,0,0,0,36,------0,0,0.0,------36,
2386,796,0,1,0,36,------0,0,0.0,------36,
2389,797,0,1,0,36,------0,0,0.0,------36,
2392,798,0,1,0,36,------0,0,0.0,------36,
2395,799,0,1,0,36,------0,0,0.0,------36,
2398,800,0,1,0,36,------0,0,0.0,------36,
2401,801,0,0,0,36,------0,0,0.0,------36,
2404,802,0,0,0,36,------0,0,0.0,------36,
2407,803,0,0,0,36,------0,0,0.0,------36,
2410,804,0,0,0,36,------0,0,0.0,------36,
2413,805,0,0,0,36,------0,0,0.0,------36,
2416,806,0,1,0,36,------0,0,0.0,------36,
2419,807,0,1,0,36,------0,0,0.0,------36,
2422,808,0,1,0,36,------0,0,0.0,------36,
2425,809,0,1,0,36,------0,0,0.0,------36,
2428,810,0,1,0,36,------0,0,0.0,------36,
2431,811,0,1,0,36,------0,0,0.0,------36,
2434,812,0,1,0,36,------0,0,0.0,------36,
2437,813,0,1,0,36,------0,0,0.0,------36,
2440,814,0,1,0,36,------0,0,0.0,------36,
2443,815,0,1,0,36,------0,0,0.0,------36,
2446,816,0,0,0,36,------0,0,0.0,------36,
2449,817,0,0,0,36,------0,0,0.0,------36,
2452,818,0,0,0,36,------0,0,0.0,------36,
2455,819,0,0,0,36,------0,0,0.0,------36,
2458,820,0,0,0,36,------0,0,0.0,------36,
2461,821,0,1,0,36,------0,0,0.0,------36,
2464,822,0,1,0,36,------0,0,0.0,------36,
2467,823,0,1,0,36,------0,0,0.0,------36,
2470,824,0,1,0,36,------0,0,0.0,------36,
2473,825,0,1,0,36,------0,0,0.0,------36,
2476,826,0,0,0,36,------0,0,0.0,------36,
2479,827,0,0,0,36,------0,0,0.0,------36,
2482,828,0,0,0,36,------0,0,0.0,------36,
2485,829,0,0,0,36,------0,0,0.0,------36,
2488,830,0,0,0,36,------0,0,0.0,------36,
2491,831,0,1,0,36,------0,0,0.0,------36,
2494,832,0,1,0,36,------0,0,0.0,------36,
2497,833,0,1,0,36,------0,0,0.0,------36,
2500,834,0,1,0,36,------0,0,0.0,------36,
2503,835,0,1,0,36,------0,0,0.0,------36,
2506,836,0,0,0,36,------0,0,0.0,------36,
2509,837,0,0,0,36,------0,0,0.0,------36,
2512,838,0,0,0,36,------0,0,0.0,------36,
2515,839,0,0,0,36,------0,0,0.0,------36,
2518,840,0,0,0,36,------0,0,0.0,------36,
2521,841,0,0,0,36,------0,0,0.0,------36,
2524,842,0,0,0,36,------0,0,0.0,------36,
2527,843,0,0,0,36,------0,0,0.0,------36,
2530,844,0,0,0,36,------0,0,0.0,------36,
2533,845,0,0,0,36,------0,0,0.0,------36,
2536,846,0,0,0,36,------0,0,0.0,------36,
2539,847,0,0,0,36,------0,0,0.0,------36,
2542,848,0,0,0,36,------0,0,0.0,------36,
2545,849,0,0,0,36,------0,0,0.0,------36,
2548,850,0,0,0,36,------0,0,0.0,------36,
2551,851,0,1,0,36,------0,0,0.0,------36,
2554,852,0,1,0,36,------0,0,0.0,------36,
2557,853,0,1,0,36,------0,0,0.0,------36,
2560,854,0,1,0,36,------0,0,0.0,------36,
2563,855,0,1,0,36,------0,0,0.0,------36,
2566,856,0,0,0,36,------0,0,0.0,------36,
2569,857,0,0,0,36,------0,0,0.0,------36,
2572,858,0,0,0,36,------0,0,0.0,------36,
2575,859,0,0,0,36,------0,0,0.0,------36,
2578,860,0,0,0,36,------0,0,0.0,------36,
2581,861,0,1,0,36,------0,0,0.0,------36,
2584,862,0,1,0,36,------0,0,0.0,------36,
2587,863,0,1,0,36,------0,0,0.0,------36,
2590,864,0,1,0,36,------0,0,0.0,------36,
2593,865,0,1,0,36,------0,0,0.0,------36,
2596,866,0,0,0,36,------0,0,0.0,------36,
2599,867,0,0,0,36,------0,0,0.0,------36,
2602,868,0,0,0,36,------0,0,0.0,------36,
2605,869,0,0,0,36,------0,0,0.0,------36,
2608,870,0,0,0,36,------0,0,0.0,------36,
2611,871,0,0,0,36,------0,0,0.0,------36,
2614,872,0,0,0,36,------0,0,0.0,------36,
2617,873,0,0,0,36,------0,0,0.0,------36,
2620,874,0,0,0,36,------0,0,0.0,------36,
2623,875,0,0,0,36,------0,0,0.0,------36,
2626,876,0,0,0,36,------0,0,0.0,------36,
2629,877,0,0,0,36,------0,0,0.0,------36,
2632,878,0,0,0,36,------0,0,0.0,------36,
2635,879,0,0,0,36,------0,0,0.0,------36,
2638,880,0,0,0,36,------0,0,0.0,------36,
2641,881,0,1,0,36,------0,0,0.0,------36,
2644,882,0,1,0,36,------0,0,0.0,------36,
2647,883,0,1,0,36,------0,0,0.0,------36,
2650,884,0,1,0,36,------0,0,0.0,------36,
2653,885,0,1,0,36,------0,0,0.0,------36,
2656,886,0,0,0,36,------0,0,0.0,------36,
2659,887,0,0,0,36,------0,0,0.0,------36,
2662,888,0,0,0,36,------0,0,0.0,------36,
2665,889,0,0,0,36,------0,0,0.0,------36,
2668,890,0,0,0,36,------0,0,0.0,------36,
2671,891,0,0,0,36,------0,0,0.0,------36,
2674,892,0,0,0,36,------0,0,0.0,------36,
2677,893,0,0,0,36,------0,0,0.0,------36,
2680,894,0,0,0,36,------0,0,0.0,------36,
2683,895,0,0,0,36,------0,0,0.0,------36,
2686,896,0,1,0,36,------0,0,0.0,------36,
2689,897,0,1,0,36,------0,0,0.0,------36,
2692,898,0,1,0,36,------0,0,0.0,------36,
2695,899,0,1,0,36,------0,0,0.0,------36,
2698,900,0,1,0,36,------0,0,0.0,------36,
2701,901,0,1,0,36,------0,0,0.0,------36,
2704,902,0,1,0,36,------0,0,0.0,------36,
2707,903,0,1,0,36,------0,0,0.0,------36,
2710,904,0,1,0,36,------0,0,0.0,------36,
2713,905,0,1,0,36,------0,0,0.0,------36,
2716,906,0,0,0,36,------0,0,0.0,------36,
2719,907,0,0,0,36,------0,0,0.0,------36,
2722,908,0,0,0,36,------0,0,0.0,------36,
2725,909,0,0,0,36,------0,0,0.0,------36,
2728,910,0,0,0,36,------0,0,0.0,------36,
2731,911,0,0,0,36,------0,0,0.0,------36,
2734,912,0,0,0,36,------0,0,0.0,------36,
2737,913,0,0,0,36,------0,0,0.0,------36,
2740,914,0,0,0,36,------0,0,0.0,------36,
2743,915,0,0,0,36,------0,0,0.0,------36,
2746,916,0,1,0,36,------0,0,0.0,------36,
2749,917,0,1,0,36,------0,0,0.0,------36,
2752,918,0,1,0,36,------0,0,0.0,------36,
2755,919,0,1,0,36,------0,0,0.0,------36,
2758,920,0,1,0,36,------0,0,0.0,------36,
2761,921,0,0,0,36,------0,0,0.0,------36,
2764,922,0,0,0,36,------0,0,0.0,------36,
2767,923,0,0,0,36,------0,0,0.0,------36,
2770,924,0,0,0,36,------0,0,0.0,------36,
2773,925,0,0,0,36,------0,0,0.0,------36,
2776,926,0,1,0,36,------0,0,0.0,------36,
2779,927,0,1,0,36,------0,0,0.0,------36,
2782,928,0,1,0,36,------0,0,0.0,------36,
2785,929,0,1,0,36,------0,0,0.0,------36,
2788,930,0,1,0,36,------0,0,0.0,------36,
2791,931,0,1,0,36,------0,0,0.0,------36,
2794,932,0,1,0,36,------0,0,0.0,------36,
2797,933,0,1,0,36,------0,0,0.0,------36,
2800,934,0,1,0,36,------0,0,0.0,------36,
2803,935,0,1,0,36,------0,0,0.0,------36,
2806,936,0,0,0,36,------0,0,0.0,------36,
2809,937,0,0,0,36,------0,0,0.0,------36,
2812,938,0,0,0,36,------0,0,0.0,------36,
2815,939,0,0,0,36,------0,0,0.0,------36,
2818,940,0,0,0,36,------0,0,0.0,------36,
2821,941,0,1,0,36,------0,0,0.0,------36,
2824,942,0,1,0,36,------0,0,0.0,------36,
2827,943,0,1,0,36,------0,0,0.0,------36,
2830,944,0,1,0,36,------0,0,0.0,------36,
2833,945,0,1,0,36,------0,0,0.0,------36,
2836,946,0,0,0,36,------0,0,0.0,------36,
2839,947,0,0,0,36,------0,0,0.0,------36,
2842,948,0,0,0,36,------0,0,0.0,------36,
2845,949,0,0,0,36,------0,0,0.0,------36,
2848,950,0,0,0,36,------0,0,0.0,------36,
2851,951,0,1,0,36,------0,0,0.0,------36,
2854,952,0,1,0,36,------0,0,0.0,------36,
2857,953,0,1,0,36,------0,0,0.0,------36,
2860,954,0,1,0,36,------0,0,0.0,------36,
2863,955,0,1,0,36,------0,0,0.0,------36,
2866,956,0,0,0,36,------0,0,0.0,------36,
2869,957,0,0,0,36,------0,0,0.0,------36,
2872,958,0,0,0,36,------0,0,0.0,------36,
2875,959,0,0,0,36,------0,0,0.0,------36,
2878,960,0,0,0,36,------0,0,0.0,------36,
2881,961,0,0,0,36,------0,0,0.0,------36,
2884,962,0,0,0,36,------0,0,0.0,------36,
2887,963,0,0,0,36,------0,0,0.0,------36,
2890,964,0,0,0,36,------0,0,0.0,------36,
2893,965,0,0,0,36,------0,0,0.0,------36,
2896,966,0,1,0,36,------0,0,0.0,------36,
2899,967,0,1,0,36,------0,0,0.0,------36,
2902,968,0,1,0,36,------0,0,0.0,------36,
2905,969,0,1,0,36,------0,0,0.0,------36,
2908,970,0,1,0,36,------0,0,0.0,------36,
2911,971,0,0,0,36,------0,0,0.0,------36,
2914,972,0,0,0,36,------0,0,0.0,------36,
2917,973,0,0,0,36,------0,0,0.0,------36,
2920,974,0,0,0,36,------0,0,0.0,------36,
2923,975,0,0,0,36,------0,0,0.0,------36,
2926,976,0,1,0,36,------0,0,0.0,------36,
2929,977,0,1,0,36,------0,0,0.0,------36,
2932,978,0,1,0,36,------0,0,0.0,------36,
2935,979,0,1,0,36,------0,0,0.0,------36,
2938,980,0,1,0,36,------0,0,0.0,------36,
2941,981,0,0,0,36,------0,0,0.0,------36,
2944,982,0,0,0,36,------0,0,0.0,------36,
2947,983,0,0,0,36,------0,0,0.0,------36,
2950,984,0,0,0,36,------0,0,0.0,------36,
2953,985,0,0,0,36,------0,0,0.0,------36,
2956,986,0,0,0,36,------0,0,0.0,------36,
2959,987,0,0,0,36,------0,0,0.0,------36,
2962,988,0,0,0,36,------0,0,0.0,------36,
2965,989,0,0,0,36,------0,0,0.0,------36,
2968,990,0,0,0,36,------0,0,0.0,------36,
2971,991,0,1,0,36,------0,0,0.0,------36,
2974,992,0,1,0,36,------0,0,0.0,------36,
2977,993,0,1,0,36,------0,0,0.0,------36,
2980,994,0,1,0,36,------0,0,0.0,------36,
2983,995,0,1,0,36,------0,0,0.0,------36,
2986,996,0,0,0,36,------0,0,0.0,------36,
2989,997,0,0,0,36,------0,0,0.0,------36,
2992,998,0,0,0,36,------0,0,0.0,------36,
2995,999,0,0,0,36,------0,0,0.0,------36,
2998,1000,0,0,0,36,------0,0,0.0,------36,
3001,1001,0,0,0,36,------0,0,0.0,------36,
3004,1002,0,0,0,36,------0,0,0.0,------36,
3007,1003,0,0,0,36,------0,0,0.0,------36,
3010,1004,0,0,0,36,------0,0,0.0,------36,
3013,1005,0,0,0,36,------0,0,0.0,------36,
3016,1006,0,1,0,36,------0,0,0.0,------36,
3019,1007,0,1,0,36,------0,0,0.0,------36,
3022,1008,0,1,0,36,------0,0,0.0,------36,
3025,1009,0,1,0,36,------0,0,0.0,------36,
3028,1010,0,1,0,36,------0,0,0.0,------36,
3031,1011,0,0,0,36,------0,0,0.0,------36,
3034,1012,0,0,0,36,------0,0,0.0,------36,
3037,1013,0,0,0,36,------0,0,0.0,------36,
3040,1014,0,0,0,36,------0,0,0.0,------36,
3043,1015,0,0,0,36,------0,0,0.0,------36,
3046,1016,0,1,0,36,------0,0,0.0,------36,
3049,1017,0,1,0,36,------0,0,0.0,------36,
3052,1018,0,1,0,36,------0,0,0.0,------36,
3055,1019,0,1,0,36,------0,0,0.0,------36,
3058,1020,0,1,0,36,------0,0,0.0,------36,
3061,1021,0,1,0,36,------0,0,0.0,------36,
3064,1022,0,1,0,36,------0,0,0.0,------36,
3067,1023,0,1,0,36,------0,0,0.0,------36,
3070,1024,0,1,0,36,------0,0,0.0,------36,
3073,1025,0,1,0,36,------0,0,0.0,------36,
3076,1026,0,0,0,36,------0,0,0.0,------36,
3079,1027,0,0,0,36,------0,0,0.0,------36,
3082,1028,0,0,0,36,------0,0,0.0,------36,
3085,1029,0,0,0,36,------0,0,0.0,------36,
3088,1030,0,0,0,36,------0,0,0.0,------36,
3091,1031,0,1,0,36,------0,0,0.0,------36,
3094,1032,0,1,0,36,------0,0,0.0,------36,
3097,1033,0,1,0,36,------0,0,0.0,------36,
3100,1034,0,1,0,36,------0,0,0.0,------36,
3103,1035,0,1,0,36,------0,0,0.0,------36,
3106,1036,0,0,0,36,------0,0,0.0,------36,
3109,1037,0,0,0,36,------0,0,0.0,------36,
3112,1038,0,0,0,36,------0,0,0.0,------36,
3115,1039,0,0,0,36,------0,0,0.0,------36,
3118,1040,0,0,0,36,------0,0,0.0,------36,
3121,1041,0,1,0,36,------0,0,0.0,------36,
3124,1042,0,1,0,36,------0,0,0.0,------36,
3127,1043,0,1,0,36,------0,0,0.0,------36,
3130,1044,0,1,0,36,------0,0,0.0,------36,
3133,1045,0,1,0,36,------0,0,0.0,------36,
3136,1046,0,0,0,36,------0,0,0.0,------36,
3139,1047,0,0,0,36,------0,0,0.0,------36,
3142,1048,0,0,0,36,------0,0,0.0,------36,
3145,1049,0,0,0,36,------0,0,0.0,------36,
3148,1050,0,0,0,36,------0,0,0.0,------36,
3151,1051,0,0,0,36,------0,0,0.0,------36,
3154,1052,0,0,0,36,------0,0,0.0,------36,
3157,1053,0,0,0,36,------0,0,0.0,------36,
3160,1054,0,0,0,36,------0,0,0.0,------36,
3163,1055,0,0,0,36,------0,0,0.0,------36,
3166,1056,0,0,0,36,------0,0,0.0,------36,
3169,1057,0,0,0,36,------0,0,0.0,------36,
3172,1058,0,0,0,36,------0,0,0.0,------36,
3175,1059,0,0,0,36,------0,0,0.0,------36,
3178,1060,0,0,0,36,------0,0,0.0,------36,
3181,1061,0,1,0,36,------0,0,0.0,------36,
3184,1062,0,1,0,36,------0,0,0.0,------36,
3187,1063,0,1,0,36,------0,0,0.0,------36,
3190,1064,0,1,0,36,------0,0,0.0,------36,
3193,1065,0,1,0,36,------0,0,0.0,------36,
3196,1066,0,0,0,36,------0,0,0.0,------36,
3199,1067,0,0,0,36,------0,0,0.0,------36,
3202,1068,0,0,0,36,------0,0,0.0,------36,
3205,1069,0,0,0,36,------0,0,0.0,------36,
3208,1070,0,0,0,36,------0,0,0.0,------36,
3211,1071,0,1,0,36,------0,0,0.0,------36,
3214,1072,0,1,0,36,------0,0,0.0,------36,
3217,1073,0,1,0,36,------0,0,0.0,------36,
3220,1074,0,1,0,36,------0,0,0.0,------36,
3223,1075,0,1,0,36,------0,0,0.0,------36,
3226,1076,0,0,0,36,------0,0,0.0,------36,
3229,1077,0,0,0,36,------0,0,0.0,------36,
3232,1078,0,0,0,36,------0,0,0.0,------36,
3235,1079,0,0,0,36,------0,0,0.0,------36,
3238,1080,0,0,0,36,------0,0,0.0,------36,
3241,1081,0,0,0,36,------0,0,0.0,------36,
3244,1082,0,0,0,36,------0,0,0.0,------36,
3247,1083,0,0,0,36,------0,0,0.0,------36,
3250,1084,0,0,0,36,------0,0,0.0,------36,
3253,1085,0,0,0,36,------0,0,0.0,------36,
3256,1086,0,0,0,36,------0,0,0.0,------36,
3259,1087,0,0,0,36,------0,0,0.0,------36,
3262,1088,0,0,0,36,------0,0,0.0,------36,
3265,1089,0,0,0,36,------0,0,0.0,------36,
3268,1090,0,0,0,36,------0,0,0.0,------36,
3271,1091,0,1,0,36,------0,0,0.0,------36,
3274,1092,0,1,0,36,------0,0,0.0,------36,
3277,1093,0,1,0,36,------0,0,0.0,------36,
3280,1094,0,1,0,36,------0,0,0.0,------36,
3283,1095,0,1,0,36,------0,0,0.0,------36,
3286,1096,0,0,0,36,------0,0,0.0,------36,
3289,1097,0,0,0,36,------0,0,0.0,------36,
3292,1098,0,0,0,36,------0,0,0.0,------36,
3295,1099,0,0,0,36,------0,0,0.0,------36,
3298,1100,0,0,0,36,------0,0,0.0,------36,
3301,1101,0,0,0,36,------0,0,0.0,------36,
3304,1102,0,0,0,36,------0,0,0.0,------36,
3307,1103,0,0,0,36,------0,0,0.0,------36,
3310,1104,0,0,0,36,------0,0,0.0,------36,
3313,1105,0,0,0,36,------0,0,0.0,------36,
3316,1106,0,1,0,36,------0,0,0.0,------36,
3319,1107,0,1,0,36,------0,0,0.0,------36,
3322,1108,0,1,0,36,------0,0,0.0,------36,
3325,1109,0,1,0,36,------0,0,0.0,------36,
3328,1110,0,1,0,36,------0,0,0.0,------36,
3331,1111,0,1,0,36,------0,0,0.0,------36,
3334,1112,0,1,0,36,------0,0,0.0,------36,
3337,1113,0,1,0,36,------0,0,0.0,------36,
3340,1114,0,1,0,36,------0,0,0.0,------36,
3343,1115,0,1,0,36,------0,0,0.0,------36,
3346,1116,0,0,0,36,------0,0,0.0,------36,
3349,1117,0,0,0,36,------0,0,0.0,------36,
3352,1118,0,0,0,36,------0,0,0.0,------36,
3355,1119,0,0,0,36,------0,0,0.0,------36,
3358,1120,0,0,0,36,------0,0,0.0,------36,
3361,1121,0,0,0,36,------0,0,0.0,------36,
3364,1122,0,0,0,36,------0,0,0.0,------36,
3367,1123,0,0,0,36,------0,0,0.0,------36,
3370,1124,0,0,0,36,------0,0,0.0,------36,
3373,1125,0,0,0,36,------0,0,0.0,------36,
3376,1126,0,1,0,36,------0,0,0.0,------36,
3379,1127,0,1,0,36,------0,0,0.0,------36,
3382,1128,0,1,0,36,------0,0,0.0,------36,
3385,1129,0,1,0,36,------0,0,0.0,------36,
3388,1130,0,1,0,36,------0,0,0.0,------36,
3391,1131,0,0,0,36,------0,0,0.0,------36,
3394,1132,0,0,0,36,------0,0,0.0,------36,
3397,1133,0,0,0,36,------0,0,0.0,------36,
3400,1134,0,0,0,36,------0,0,0.0,------36,
3403,1135,0,0,0,36,------0,0,0.0,------36,
3406,1136,0,1,0,36,------0,0,0.0,------36,
3409,1137,0,1,0,36,------0,0,0.0,------36,
3412,1138,0,1,0,36,------0,0,0.0,------36,
3415,1139,0,1,0,36,------0,0,0.0,------36,
3418,1140,0,1,0,36,------0,0,0.0,------36,
3421,1141,0,1,0,36,------0,0,0.0,------36,
3424,1142,0,1,0,36,------0,0,0.0,------36,
3427,1143,0,1,0,36,------0,0,0.0,------36,
3430,1144,0,1,0,36,------0,0,0.0,------36,
3433,1145,0,1,0,36,------0,0,0.0,------36,
3436,1146,0,0,0,36,------0,0,0.0,------36,
3439,1147,0,0,0,36,------0,0,0.0,------36,
3442,1148,0,0,0,36,------0,0,0.0,------36,
3445,1149,0,0,0,36,------0,0,0.0,------36,
3448,1150,0,0,0,36,------0,0,0.0,------36,
3451,1151,0,1,0,36,------0,0,0.0,------36,
3454,1152,0,1,0,36,------0,0,0.0,------36,
3457,1153,0,1,0,36,------0,0,0.0,------36,
3460,1154,0,1,0,36,------0,0,0.0,------36,
3463,1155,0,1,0,36,------0,0,0.0,------36,
3466,1156,0,0,0,36,------0,0,0.0,------36,
3469,1157,0,0,0,36,------0,0,0.0,------36,
3472,1158,0,0,0,36,------0,0,0.0,------36,
3475,1159,0,0,0,36,------0,0,0.0,------36,
3478,1160,0,0,0,36,------0,0,0.0,------36,
3481,1161,0,1,0,36,------0,0,0.0,------36,
3484,1162,0,1,0,36,------0,0,0.0,------36,
3487,1163,0,1,0,36,------0,0,0.0,------36,
3490,1164,0,1,0,36,------0,0,0.0,------36,
3493,1165,0,1,0,36,------0,0,0.0,------36,
3496,1166,0,0,0,36,------0,0,0.0,------36,
3499,1167,0,0,0,36,------0,0,0.0,------36,
3502,1168,0,0,0,36,------0,0,0.0,------36,
3505,1169,0,0,0,36,------0,0,0.0,------36,
3508,1170,0,0,0,36,------0,0,0.0,------36,
3511,1171,0,0,0,36,------0,0,0.0,------36,
3514,1172,0,0,0,36,------0,0,0.0,------36,
3517,1173,0,0,0,36,------0,0,0.0,------36,
3520,1174,0,0,0,36,------0,0,0.0,------36,
3523,1175,0,0,0,36,------0,0,0.0,------36,
3526,1176,0,1,0,36,------0,0,0.0,------36,
3529,1177,0,1,0,36,------0,0,0.0,------36,
3532,1178,0,1,0,36,------0,0,0.0,------36,
