L1A1-->Columns Header:, LevelCount, AutomataStep, AggregateState, Goal, StateDifference, DiversityCounter, LiveCellsCount, LiveCellsArea, LiveCellsDensity, StateId
2,1,0,1,0,1,------0,0,0.0,------1,
5,2,0,1,0,1,------0,0,0.0,------1,
8,3,0,1,0,1,------0,0,0.0,------1,
11,4,0,1,0,1,------0,0,0.0,------1,
14,5,0,1,0,1,------0,0,0.0,------1,
17,6,0,1,0,1,------0,0,0.0,------1,
20,7,0,1,0,1,------0,0,0.0,------1,
23,8,0,1,0,1,------0,0,0.0,------1,
26,9,0,1,0,1,------0,0,0.0,------1,
29,10,1,1,32,2,------32,32,1.0,------2,
32,11,1,1,0,2,------32,32,1.0,------2,
35,12,1,1,0,2,------32,32,1.0,------2,
38,13,1,0,0,2,------32,32,1.0,------2,
41,14,1,0,0,2,------32,32,1.0,------2,
44,15,0,0,20,3,------12,12,1.0,------3,
47,16,0,0,0,3,------12,12,1.0,------3,
50,17,0,0,0,3,------12,12,1.0,------3,
53,18,0,0,0,3,------12,12,1.0,------3,
56,19,0,1,0,3,------12,12,1.0,------3,
59,20,1,1,20,3,------32,32,1.0,------2,
62,21,1,1,0,3,------32,32,1.0,------2,
65,22,1,1,0,3,------32,32,1.0,------2,
68,23,1,1,0,3,------32,32,1.0,------2,
71,24,1,1,0,3,------32,32,1.0,------2,
74,25,0,0,20,3,------12,12,1.0,------3,
77,26,0,0,0,3,------12,12,1.0,------3,
80,27,0,0,0,3,------12,12,1.0,------3,
83,28,0,0,0,3,------12,12,1.0,------3,
86,29,0,0,0,3,------12,12,1.0,------3,
89,30,0,0,0,3,------12,12,1.0,------3,
92,31,0,1,0,3,------12,12,1.0,------3,
95,32,0,1,0,3,------12,12,1.0,------3,
98,33,0,1,0,3,------12,12,1.0,------3,
101,34,0,1,0,3,------12,12,1.0,------3,
104,35,0,1,16,4,------28,32,0.88,------4,
107,36,0,1,0,4,------28,32,0.88,------4,
110,37,0,1,0,4,------28,32,0.88,------4,
113,38,0,1,0,4,------28,32,0.88,------4,
116,39,0,1,0,4,------28,32,0.88,------4,
119,40,1,1,4,4,------32,32,1.0,------2,
122,41,1,1,0,4,------32,32,1.0,------2,
125,42,1,1,0,4,------32,32,1.0,------2,
128,43,1,0,0,4,------32,32,1.0,------2,
131,44,1,0,0,4,------32,32,1.0,------2,
134,45,0,0,20,4,------12,12,1.0,------3,
137,46,0,0,0,4,------12,12,1.0,------3,
140,47,0,0,0,4,------12,12,1.0,------3,
143,48,0,0,0,4,------12,12,1.0,------3,
146,49,0,1,0,4,------12,12,1.0,------3,
149,50,0,1,16,4,------28,32,0.88,------4,
152,51,0,1,0,4,------28,32,0.88,------4,
155,52,0,1,0,4,------28,32,0.88,------4,
158,53,0,1,0,4,------28,32,0.88,------4,
161,54,0,1,0,4,------28,32,0.88,------4,
164,55,1,1,4,4,------32,32,1.0,------2,
167,56,1,1,0,4,------32,32,1.0,------2,
170,57,1,1,0,4,------32,32,1.0,------2,
173,58,1,1,0,4,------32,32,1.0,------2,
176,59,1,1,0,4,------32,32,1.0,------2,
179,60,1,1,0,4,------32,32,1.0,------2,
182,61,1,0,0,4,------32,32,1.0,------2,
185,62,1,0,0,4,------32,32,1.0,------2,
188,63,1,0,0,4,------32,32,1.0,------2,
191,64,1,0,0,4,------32,32,1.0,------2,
194,65,0,0,20,4,------12,12,1.0,------3,
197,66,0,0,0,4,------12,12,1.0,------3,
200,67,0,1,0,4,------12,12,1.0,------3,
203,68,0,1,0,4,------12,12,1.0,------3,
206,69,0,1,0,4,------12,12,1.0,------3,
209,70,0,1,16,4,------28,32,0.88,------4,
212,71,0,1,0,4,------28,32,0.88,------4,
215,72,0,1,0,4,------28,32,0.88,------4,
218,73,0,1,0,4,------28,32,0.88,------4,
221,74,0,1,0,4,------28,32,0.88,------4,
224,75,1,1,4,4,------32,32,1.0,------2,
227,76,1,1,0,4,------32,32,1.0,------2,
230,77,1,1,0,4,------32,32,1.0,------2,
233,78,1,1,0,4,------32,32,1.0,------2,
236,79,1,0,0,4,------32,32,1.0,------2,
239,80,0,0,20,4,------12,12,1.0,------3,
242,81,0,0,0,4,------12,12,1.0,------3,
245,82,0,0,0,4,------12,12,1.0,------3,
248,83,0,0,0,4,------12,12,1.0,------3,
251,84,0,0,0,4,------12,12,1.0,------3,
254,85,1,1,20,4,------32,32,1.0,------2,
257,86,1,1,0,4,------32,32,1.0,------2,
260,87,1,1,0,4,------32,32,1.0,------2,
263,88,1,1,0,4,------32,32,1.0,------2,
266,89,1,1,0,4,------32,32,1.0,------2,
269,90,1,1,0,4,------32,32,1.0,------2,
272,91,1,0,0,4,------32,32,1.0,------2,
275,92,1,0,0,4,------32,32,1.0,------2,
278,93,1,0,0,4,------32,32,1.0,------2,
281,94,1,0,0,4,------32,32,1.0,------2,
284,95,0,0,20,4,------12,12,1.0,------3,
287,96,0,0,0,4,------12,12,1.0,------3,
290,97,0,1,0,4,------12,12,1.0,------3,
293,98,0,1,0,4,------12,12,1.0,------3,
296,99,0,1,0,4,------12,12,1.0,------3,
299,100,1,1,20,4,------32,32,1.0,------2,
302,101,1,1,0,4,------32,32,1.0,------2,
305,102,1,1,0,4,------32,32,1.0,------2,
308,103,1,0,0,4,------32,32,1.0,------2,
311,104,1,0,0,4,------32,32,1.0,------2,
314,105,0,0,20,4,------12,12,1.0,------3,
317,106,0,0,0,4,------12,12,1.0,------3,
320,107,0,0,0,4,------12,12,1.0,------3,
323,108,0,0,0,4,------12,12,1.0,------3,
326,109,0,1,0,4,------12,12,1.0,------3,
329,110,1,1,20,4,------32,32,1.0,------2,
332,111,1,1,0,4,------32,32,1.0,------2,
335,112,1,1,0,4,------32,32,1.0,------2,
338,113,1,1,0,4,------32,32,1.0,------2,
341,114,1,1,0,4,------32,32,1.0,------2,
344,115,0,0,20,4,------12,12,1.0,------3,
347,116,0,0,0,4,------12,12,1.0,------3,
350,117,0,0,0,4,------12,12,1.0,------3,
353,118,0,0,0,4,------12,12,1.0,------3,
356,119,0,0,0,4,------12,12,1.0,------3,
359,120,0,0,0,4,------12,12,1.0,------3,
362,121,0,1,0,4,------12,12,1.0,------3,
365,122,0,1,0,4,------12,12,1.0,------3,
368,123,0,1,0,4,------12,12,1.0,------3,
371,124,0,1,0,4,------12,12,1.0,------3,
374,125,1,1,20,4,------32,32,1.0,------2,
377,126,1,1,0,4,------32,32,1.0,------2,
380,127,1,0,0,4,------32,32,1.0,------2,
383,128,1,0,0,4,------32,32,1.0,------2,
386,129,1,0,0,4,------32,32,1.0,------2,
389,130,0,0,20,4,------12,12,1.0,------3,
392,131,0,0,0,4,------12,12,1.0,------3,
395,132,0,0,0,4,------12,12,1.0,------3,
398,133,0,1,0,4,------12,12,1.0,------3,
401,134,0,1,0,4,------12,12,1.0,------3,
404,135,1,1,20,4,------32,32,1.0,------2,
407,136,1,1,0,4,------32,32,1.0,------2,
410,137,1,1,0,4,------32,32,1.0,------2,
413,138,1,1,0,4,------32,32,1.0,------2,
416,139,1,0,0,4,------32,32,1.0,------2,
419,140,0,0,20,4,------12,12,1.0,------3,
422,141,0,0,0,4,------12,12,1.0,------3,
425,142,0,0,0,4,------12,12,1.0,------3,
428,143,0,0,0,4,------12,12,1.0,------3,
431,144,0,0,0,4,------12,12,1.0,------3,
434,145,0,1,16,4,------28,32,0.88,------4,
437,146,0,1,0,4,------28,32,0.88,------4,
440,147,0,1,0,4,------28,32,0.88,------4,
443,148,0,1,0,4,------28,32,0.88,------4,
446,149,0,1,0,4,------28,32,0.88,------4,
449,150,1,1,4,4,------32,32,1.0,------2,
452,151,1,0,0,4,------32,32,1.0,------2,
455,152,1,0,0,4,------32,32,1.0,------2,
458,153,1,0,0,4,------32,32,1.0,------2,
461,154,1,0,0,4,------32,32,1.0,------2,
464,155,0,0,20,4,------12,12,1.0,------3,
467,156,0,0,0,4,------12,12,1.0,------3,
470,157,0,1,0,4,------12,12,1.0,------3,
473,158,0,1,0,4,------12,12,1.0,------3,
476,159,0,1,0,4,------12,12,1.0,------3,
479,160,0,1,16,4,------28,32,0.88,------4,
482,161,0,1,0,4,------28,32,0.88,------4,
485,162,0,1,0,4,------28,32,0.88,------4,
488,163,0,1,0,4,------28,32,0.88,------4,
491,164,0,1,0,4,------28,32,0.88,------4,
494,165,1,1,4,4,------32,32,1.0,------2,
497,166,1,1,0,4,------32,32,1.0,------2,
500,167,1,1,0,4,------32,32,1.0,------2,
503,168,1,1,0,4,------32,32,1.0,------2,
506,169,1,0,0,4,------32,32,1.0,------2,
509,170,0,0,20,4,------12,12,1.0,------3,
512,171,0,0,0,4,------12,12,1.0,------3,
515,172,0,0,0,4,------12,12,1.0,------3,
518,173,0,0,0,4,------12,12,1.0,------3,
521,174,0,0,0,4,------12,12,1.0,------3,
524,175,1,1,20,4,------32,32,1.0,------2,
527,176,1,1,0,4,------32,32,1.0,------2,
530,177,1,1,0,4,------32,32,1.0,------2,
533,178,1,1,0,4,------32,32,1.0,------2,
536,179,1,1,0,4,------32,32,1.0,------2,
539,180,1,1,0,4,------32,32,1.0,------2,
542,181,1,0,0,4,------32,32,1.0,------2,
545,182,1,0,0,4,------32,32,1.0,------2,
548,183,1,0,0,4,------32,32,1.0,------2,
551,184,1,0,0,4,------32,32,1.0,------2,
554,185,0,0,20,4,------12,12,1.0,------3,
557,186,0,0,0,4,------12,12,1.0,------3,
560,187,0,1,0,4,------12,12,1.0,------3,
563,188,0,1,0,4,------12,12,1.0,------3,
566,189,0,1,0,4,------12,12,1.0,------3,
569,190,1,1,20,4,------32,32,1.0,------2,
572,191,1,1,0,4,------32,32,1.0,------2,
575,192,1,1,0,4,------32,32,1.0,------2,
578,193,1,0,0,4,------32,32,1.0,------2,
581,194,1,0,0,4,------32,32,1.0,------2,
584,195,0,0,20,4,------12,12,1.0,------3,
587,196,0,0,0,4,------12,12,1.0,------3,
590,197,0,0,0,4,------12,12,1.0,------3,
593,198,0,0,0,4,------12,12,1.0,------3,
596,199,0,1,0,4,------12,12,1.0,------3,
599,200,1,1,20,4,------32,32,1.0,------2,
602,201,1,1,0,4,------32,32,1.0,------2,
605,202,1,1,0,4,------32,32,1.0,------2,
608,203,1,1,0,4,------32,32,1.0,------2,
611,204,1,1,0,4,------32,32,1.0,------2,
614,205,0,0,20,4,------12,12,1.0,------3,
617,206,0,0,0,4,------12,12,1.0,------3,
620,207,0,0,0,4,------12,12,1.0,------3,
623,208,0,0,0,4,------12,12,1.0,------3,
626,209,0,0,0,4,------12,12,1.0,------3,
629,210,0,0,0,4,------12,12,1.0,------3,
632,211,0,1,0,4,------12,12,1.0,------3,
635,212,0,1,0,4,------12,12,1.0,------3,
638,213,0,1,0,4,------12,12,1.0,------3,
641,214,0,1,0,4,------12,12,1.0,------3,
644,215,0,1,16,4,------28,32,0.88,------4,
647,216,0,1,0,4,------28,32,0.88,------4,
650,217,0,1,0,4,------28,32,0.88,------4,
653,218,0,1,0,4,------28,32,0.88,------4,
656,219,0,1,0,4,------28,32,0.88,------4,
659,220,1,1,4,4,------32,32,1.0,------2,
662,221,1,1,0,4,------32,32,1.0,------2,
665,222,1,1,0,4,------32,32,1.0,------2,
668,223,1,0,0,4,------32,32,1.0,------2,
671,224,1,0,0,4,------32,32,1.0,------2,
674,225,0,0,20,4,------12,12,1.0,------3,
677,226,0,0,0,4,------12,12,1.0,------3,
680,227,0,0,0,4,------12,12,1.0,------3,
683,228,0,0,0,4,------12,12,1.0,------3,
686,229,0,1,0,4,------12,12,1.0,------3,
689,230,1,1,20,4,------32,32,1.0,------2,
692,231,1,1,0,4,------32,32,1.0,------2,
695,232,1,1,0,4,------32,32,1.0,------2,
698,233,1,1,0,4,------32,32,1.0,------2,
701,234,1,1,0,4,------32,32,1.0,------2,
704,235,0,0,20,4,------12,12,1.0,------3,
707,236,0,0,0,4,------12,12,1.0,------3,
710,237,0,0,0,4,------12,12,1.0,------3,
713,238,0,0,0,4,------12,12,1.0,------3,
716,239,0,0,0,4,------12,12,1.0,------3,
719,240,0,0,0,4,------12,12,1.0,------3,
722,241,0,1,0,4,------12,12,1.0,------3,
725,242,0,1,0,4,------12,12,1.0,------3,
728,243,0,1,0,4,------12,12,1.0,------3,
731,244,0,1,0,4,------12,12,1.0,------3,
734,245,0,1,16,4,------28,32,0.88,------4,
737,246,0,1,0,4,------28,32,0.88,------4,
740,247,0,1,0,4,------28,32,0.88,------4,
743,248,0,1,0,4,------28,32,0.88,------4,
746,249,0,1,0,4,------28,32,0.88,------4,
749,250,1,1,4,4,------32,32,1.0,------2,
752,251,1,1,0,4,------32,32,1.0,------2,
755,252,1,1,0,4,------32,32,1.0,------2,
758,253,1,0,0,4,------32,32,1.0,------2,
761,254,1,0,0,4,------32,32,1.0,------2,
764,255,0,0,20,4,------12,12,1.0,------3,
767,256,0,0,0,4,------12,12,1.0,------3,
770,257,0,0,0,4,------12,12,1.0,------3,
773,258,0,0,0,4,------12,12,1.0,------3,
776,259,0,1,0,4,------12,12,1.0,------3,
779,260,0,1,16,4,------28,32,0.88,------4,
782,261,0,1,0,4,------28,32,0.88,------4,
785,262,0,1,0,4,------28,32,0.88,------4,
788,263,0,1,0,4,------28,32,0.88,------4,
791,264,0,1,0,4,------28,32,0.88,------4,
794,265,1,1,4,4,------32,32,1.0,------2,
797,266,1,1,0,4,------32,32,1.0,------2,
800,267,1,1,0,4,------32,32,1.0,------2,
803,268,1,1,0,4,------32,32,1.0,------2,
806,269,1,1,0,4,------32,32,1.0,------2,
809,270,1,1,0,4,------32,32,1.0,------2,
812,271,1,0,0,4,------32,32,1.0,------2,
815,272,1,0,0,4,------32,32,1.0,------2,
818,273,1,0,0,4,------32,32,1.0,------2,
821,274,1,0,0,4,------32,32,1.0,------2,
824,275,0,0,20,4,------12,12,1.0,------3,
827,276,0,0,0,4,------12,12,1.0,------3,
830,277,0,1,0,4,------12,12,1.0,------3,
833,278,0,1,0,4,------12,12,1.0,------3,
836,279,0,1,0,4,------12,12,1.0,------3,
839,280,0,1,16,4,------28,32,0.88,------4,
842,281,0,1,0,4,------28,32,0.88,------4,
845,282,0,1,0,4,------28,32,0.88,------4,
848,283,0,1,0,4,------28,32,0.88,------4,
851,284,0,1,0,4,------28,32,0.88,------4,
854,285,1,1,4,4,------32,32,1.0,------2,
857,286,1,1,0,4,------32,32,1.0,------2,
860,287,1,1,0,4,------32,32,1.0,------2,
863,288,1,1,0,4,------32,32,1.0,------2,
866,289,1,0,0,4,------32,32,1.0,------2,
869,290,0,0,20,4,------12,12,1.0,------3,
872,291,0,0,0,4,------12,12,1.0,------3,
875,292,0,0,0,4,------12,12,1.0,------3,
878,293,0,0,0,4,------12,12,1.0,------3,
881,294,0,0,0,4,------12,12,1.0,------3,
884,295,1,1,20,4,------32,32,1.0,------2,
887,296,1,1,0,4,------32,32,1.0,------2,
890,297,1,1,0,4,------32,32,1.0,------2,
893,298,1,1,0,4,------32,32,1.0,------2,
896,299,1,1,0,4,------32,32,1.0,------2,
899,300,1,1,0,4,------32,32,1.0,------2,
902,301,1,0,0,4,------32,32,1.0,------2,
905,302,1,0,0,4,------32,32,1.0,------2,
908,303,1,0,0,4,------32,32,1.0,------2,
911,304,1,0,0,4,------32,32,1.0,------2,
914,305,0,0,20,4,------12,12,1.0,------3,
917,306,0,0,0,4,------12,12,1.0,------3,
920,307,0,1,0,4,------12,12,1.0,------3,
923,308,0,1,0,4,------12,12,1.0,------3,
926,309,0,1,0,4,------12,12,1.0,------3,
929,310,1,1,20,4,------32,32,1.0,------2,
932,311,1,1,0,4,------32,32,1.0,------2,
935,312,1,1,0,4,------32,32,1.0,------2,
938,313,1,0,0,4,------32,32,1.0,------2,
941,314,1,0,0,4,------32,32,1.0,------2,
944,315,0,0,20,4,------12,12,1.0,------3,
947,316,0,0,0,4,------12,12,1.0,------3,
950,317,0,0,0,4,------12,12,1.0,------3,
953,318,0,0,0,4,------12,12,1.0,------3,
956,319,0,1,0,4,------12,12,1.0,------3,
959,320,1,1,20,4,------32,32,1.0,------2,
962,321,1,1,0,4,------32,32,1.0,------2,
965,322,1,1,0,4,------32,32,1.0,------2,
968,323,1,1,0,4,------32,32,1.0,------2,
971,324,1,1,0,4,------32,32,1.0,------2,
974,325,0,0,20,4,------12,12,1.0,------3,
977,326,0,0,0,4,------12,12,1.0,------3,
980,327,0,0,0,4,------12,12,1.0,------3,
983,328,0,0,0,4,------12,12,1.0,------3,
986,329,0,0,0,4,------12,12,1.0,------3,
989,330,0,0,0,4,------12,12,1.0,------3,
992,331,0,1,0,4,------12,12,1.0,------3,
995,332,0,1,0,4,------12,12,1.0,------3,
998,333,0,1,0,4,------12,12,1.0,------3,
1001,334,0,1,0,4,------12,12,1.0,------3,
1004,335,1,1,20,4,------32,32,1.0,------2,
1007,336,1,1,0,4,------32,32,1.0,------2,
1010,337,1,0,0,4,------32,32,1.0,------2,
1013,338,1,0,0,4,------32,32,1.0,------2,
1016,339,1,0,0,4,------32,32,1.0,------2,
1019,340,0,0,20,4,------12,12,1.0,------3,
1022,341,0,0,0,4,------12,12,1.0,------3,
1025,342,0,0,0,4,------12,12,1.0,------3,
1028,343,0,1,0,4,------12,12,1.0,------3,
1031,344,0,1,0,4,------12,12,1.0,------3,
1034,345,1,1,20,4,------32,32,1.0,------2,
1037,346,1,1,0,4,------32,32,1.0,------2,
1040,347,1,1,0,4,------32,32,1.0,------2,
1043,348,1,1,0,4,------32,32,1.0,------2,
1046,349,1,0,0,4,------32,32,1.0,------2,
1049,350,0,0,20,4,------12,12,1.0,------3,
1052,351,0,0,0,4,------12,12,1.0,------3,
1055,352,0,0,0,4,------12,12,1.0,------3,
1058,353,0,0,0,4,------12,12,1.0,------3,
1061,354,0,0,0,4,------12,12,1.0,------3,
1064,355,0,1,16,4,------28,32,0.88,------4,
1067,356,0,1,0,4,------28,32,0.88,------4,
1070,357,0,1,0,4,------28,32,0.88,------4,
1073,358,0,1,0,4,------28,32,0.88,------4,
1076,359,0,1,0,4,------28,32,0.88,------4,
1079,360,1,1,4,4,------32,32,1.0,------2,
1082,361,1,0,0,4,------32,32,1.0,------2,
1085,362,1,0,0,4,------32,32,1.0,------2,
1088,363,1,0,0,4,------32,32,1.0,------2,
1091,364,1,0,0,4,------32,32,1.0,------2,
1094,365,0,0,20,4,------12,12,1.0,------3,
1097,366,0,0,0,4,------12,12,1.0,------3,
1100,367,0,1,0,4,------12,12,1.0,------3,
1103,368,0,1,0,4,------12,12,1.0,------3,
1106,369,0,1,0,4,------12,12,1.0,------3,
1109,370,0,1,16,4,------28,32,0.88,------4,
1112,371,0,1,0,4,------28,32,0.88,------4,
1115,372,0,1,0,4,------28,32,0.88,------4,
1118,373,0,1,0,4,------28,32,0.88,------4,
1121,374,0,1,0,4,------28,32,0.88,------4,
1124,375,1,1,4,4,------32,32,1.0,------2,
1127,376,1,1,0,4,------32,32,1.0,------2,
1130,377,1,1,0,4,------32,32,1.0,------2,
1133,378,1,1,0,4,------32,32,1.0,------2,
1136,379,1,0,0,4,------32,32,1.0,------2,
1139,380,0,0,20,4,------12,12,1.0,------3,
1142,381,0,0,0,4,------12,12,1.0,------3,
1145,382,0,0,0,4,------12,12,1.0,------3,
1148,383,0,0,0,4,------12,12,1.0,------3,
1151,384,0,0,0,4,------12,12,1.0,------3,
1154,385,1,1,20,4,------32,32,1.0,------2,
1157,386,1,1,0,4,------32,32,1.0,------2,
1160,387,1,1,0,4,------32,32,1.0,------2,
1163,388,1,1,0,4,------32,32,1.0,------2,
1166,389,1,1,0,4,------32,32,1.0,------2,
1169,390,1,1,0,4,------32,32,1.0,------2,
1172,391,1,0,0,4,------32,32,1.0,------2,
1175,392,1,0,0,4,------32,32,1.0,------2,
1178,393,1,0,0,4,------32,32,1.0,------2,
1181,394,1,0,0,4,------32,32,1.0,------2,
1184,395,0,0,20,4,------12,12,1.0,------3,
1187,396,0,0,0,4,------12,12,1.0,------3,
1190,397,0,1,0,4,------12,12,1.0,------3,
1193,398,0,1,0,4,------12,12,1.0,------3,
1196,399,0,1,0,4,------12,12,1.0,------3,
1199,400,1,1,20,4,------32,32,1.0,------2,
1202,401,1,1,0,4,------32,32,1.0,------2,
1205,402,1,1,0,4,------32,32,1.0,------2,
1208,403,1,0,0,4,------32,32,1.0,------2,
1211,404,1,0,0,4,------32,32,1.0,------2,
1214,405,0,0,20,4,------12,12,1.0,------3,
1217,406,0,0,0,4,------12,12,1.0,------3,
1220,407,0,0,0,4,------12,12,1.0,------3,
1223,408,0,0,0,4,------12,12,1.0,------3,
1226,409,0,1,0,4,------12,12,1.0,------3,
1229,410,1,1,20,4,------32,32,1.0,------2,
1232,411,1,1,0,4,------32,32,1.0,------2,
1235,412,1,1,0,4,------32,32,1.0,------2,
1238,413,1,1,0,4,------32,32,1.0,------2,
1241,414,1,1,0,4,------32,32,1.0,------2,
1244,415,0,0,20,4,------12,12,1.0,------3,
1247,416,0,0,0,4,------12,12,1.0,------3,
1250,417,0,0,0,4,------12,12,1.0,------3,
1253,418,0,0,0,4,------12,12,1.0,------3,
1256,419,0,0,0,4,------12,12,1.0,------3,
1259,420,0,0,0,4,------12,12,1.0,------3,
1262,421,0,1,0,4,------12,12,1.0,------3,
1265,422,0,1,0,4,------12,12,1.0,------3,
1268,423,0,1,0,4,------12,12,1.0,------3,
1271,424,0,1,0,4,------12,12,1.0,------3,
1274,425,0,1,16,4,------28,32,0.88,------4,
1277,426,0,1,0,4,------28,32,0.88,------4,
1280,427,0,1,0,4,------28,32,0.88,------4,
1283,428,0,1,0,4,------28,32,0.88,------4,
1286,429,0,1,0,4,------28,32,0.88,------4,
1289,430,1,1,4,4,------32,32,1.0,------2,
1292,431,1,1,0,4,------32,32,1.0,------2,
1295,432,1,1,0,4,------32,32,1.0,------2,
1298,433,1,0,0,4,------32,32,1.0,------2,
1301,434,1,0,0,4,------32,32,1.0,------2,
1304,435,0,0,20,4,------12,12,1.0,------3,
1307,436,0,0,0,4,------12,12,1.0,------3,
1310,437,0,0,0,4,------12,12,1.0,------3,
1313,438,0,0,0,4,------12,12,1.0,------3,
1316,439,0,1,0,4,------12,12,1.0,------3,
1319,440,1,1,20,4,------32,32,1.0,------2,
1322,441,1,1,0,4,------32,32,1.0,------2,
1325,442,1,1,0,4,------32,32,1.0,------2,
1328,443,1,1,0,4,------32,32,1.0,------2,
1331,444,1,1,0,4,------32,32,1.0,------2,
1334,445,0,0,20,4,------12,12,1.0,------3,
1337,446,0,0,0,4,------12,12,1.0,------3,
1340,447,0,0,0,4,------12,12,1.0,------3,
1343,448,0,0,0,4,------12,12,1.0,------3,
1346,449,0,0,0,4,------12,12,1.0,------3,
1349,450,0,0,0,4,------12,12,1.0,------3,
1352,451,0,1,0,4,------12,12,1.0,------3,
1355,452,0,1,0,4,------12,12,1.0,------3,
1358,453,0,1,0,4,------12,12,1.0,------3,
1361,454,0,1,0,4,------12,12,1.0,------3,
1364,455,0,1,16,4,------28,32,0.88,------4,
1367,456,0,1,0,4,------28,32,0.88,------4,
1370,457,0,1,0,4,------28,32,0.88,------4,
1373,458,0,1,0,4,------28,32,0.88,------4,
1376,459,0,1,0,4,------28,32,0.88,------4,
1379,460,1,1,4,4,------32,32,1.0,------2,
1382,461,1,1,0,4,------32,32,1.0,------2,
1385,462,1,1,0,4,------32,32,1.0,------2,
1388,463,1,0,0,4,------32,32,1.0,------2,
1391,464,1,0,0,4,------32,32,1.0,------2,
1394,465,0,0,20,4,------12,12,1.0,------3,
1397,466,0,0,0,4,------12,12,1.0,------3,
1400,467,0,0,0,4,------12,12,1.0,------3,
1403,468,0,0,0,4,------12,12,1.0,------3,
1406,469,0,1,0,4,------12,12,1.0,------3,
1409,470,0,1,16,4,------28,32,0.88,------4,
1412,471,0,1,0,4,------28,32,0.88,------4,
1415,472,0,1,0,4,------28,32,0.88,------4,
1418,473,0,1,0,4,------28,32,0.88,------4,
1421,474,0,1,0,4,------28,32,0.88,------4,
1424,475,1,1,4,4,------32,32,1.0,------2,
1427,476,1,1,0,4,------32,32,1.0,------2,
1430,477,1,1,0,4,------32,32,1.0,------2,
1433,478,1,1,0,4,------32,32,1.0,------2,
1436,479,1,1,0,4,------32,32,1.0,------2,
1439,480,1,1,0,4,------32,32,1.0,------2,
1442,481,1,0,0,4,------32,32,1.0,------2,
1445,482,1,0,0,4,------32,32,1.0,------2,
1448,483,1,0,0,4,------32,32,1.0,------2,
1451,484,1,0,0,4,------32,32,1.0,------2,
1454,485,0,0,20,4,------12,12,1.0,------3,
1457,486,0,0,0,4,------12,12,1.0,------3,
1460,487,0,1,0,4,------12,12,1.0,------3,
1463,488,0,1,0,4,------12,12,1.0,------3,
1466,489,0,1,0,4,------12,12,1.0,------3,
1469,490,0,1,16,4,------28,32,0.88,------4,
1472,491,0,1,0,4,------28,32,0.88,------4,
1475,492,0,1,0,4,------28,32,0.88,------4,
1478,493,0,1,0,4,------28,32,0.88,------4,
1481,494,0,1,0,4,------28,32,0.88,------4,
1484,495,1,1,4,4,------32,32,1.0,------2,
1487,496,1,1,0,4,------32,32,1.0,------2,
1490,497,1,1,0,4,------32,32,1.0,------2,
1493,498,1,1,0,4,------32,32,1.0,------2,
1496,499,1,0,0,4,------32,32,1.0,------2,
1499,500,0,0,20,4,------12,12,1.0,------3,
1502,501,0,0,0,4,------12,12,1.0,------3,
1505,502,0,0,0,4,------12,12,1.0,------3,
1508,503,0,0,0,4,------12,12,1.0,------3,
1511,504,0,0,0,4,------12,12,1.0,------3,
1514,505,1,1,20,4,------32,32,1.0,------2,
1517,506,1,1,0,4,------32,32,1.0,------2,
1520,507,1,1,0,4,------32,32,1.0,------2,
1523,508,1,1,0,4,------32,32,1.0,------2,
1526,509,1,1,0,4,------32,32,1.0,------2,
1529,510,1,1,0,4,------32,32,1.0,------2,
1532,511,1,0,0,4,------32,32,1.0,------2,
1535,512,1,0,0,4,------32,32,1.0,------2,
1538,513,1,0,0,4,------32,32,1.0,------2,
1541,514,1,0,0,4,------32,32,1.0,------2,
1544,515,0,0,20,4,------12,12,1.0,------3,
1547,516,0,0,0,4,------12,12,1.0,------3,
1550,517,0,1,0,4,------12,12,1.0,------3,
1553,518,0,1,0,4,------12,12,1.0,------3,
1556,519,0,1,0,4,------12,12,1.0,------3,
1559,520,1,1,20,4,------32,32,1.0,------2,
1562,521,1,1,0,4,------32,32,1.0,------2,
1565,522,1,1,0,4,------32,32,1.0,------2,
1568,523,1,0,0,4,------32,32,1.0,------2,
1571,524,1,0,0,4,------32,32,1.0,------2,
1574,525,0,0,20,4,------12,12,1.0,------3,
1577,526,0,0,0,4,------12,12,1.0,------3,
1580,527,0,0,0,4,------12,12,1.0,------3,
1583,528,0,0,0,4,------12,12,1.0,------3,
1586,529,0,1,0,4,------12,12,1.0,------3,
1589,530,1,1,20,4,------32,32,1.0,------2,
1592,531,1,1,0,4,------32,32,1.0,------2,
1595,532,1,1,0,4,------32,32,1.0,------2,
1598,533,1,1,0,4,------32,32,1.0,------2,
1601,534,1,1,0,4,------32,32,1.0,------2,
1604,535,0,0,20,4,------12,12,1.0,------3,
1607,536,0,0,0,4,------12,12,1.0,------3,
1610,537,0,0,0,4,------12,12,1.0,------3,
1613,538,0,0,0,4,------12,12,1.0,------3,
1616,539,0,0,0,4,------12,12,1.0,------3,
1619,540,0,0,0,4,------12,12,1.0,------3,
1622,541,0,1,0,4,------12,12,1.0,------3,
1625,542,0,1,0,4,------12,12,1.0,------3,
1628,543,0,1,0,4,------12,12,1.0,------3,
1631,544,0,1,0,4,------12,12,1.0,------3,
1634,545,1,1,20,4,------32,32,1.0,------2,
1637,546,1,1,0,4,------32,32,1.0,------2,
1640,547,1,0,0,4,------32,32,1.0,------2,
1643,548,1,0,0,4,------32,32,1.0,------2,
1646,549,1,0,0,4,------32,32,1.0,------2,
1649,550,0,0,20,4,------12,12,1.0,------3,
1652,551,0,0,0,4,------12,12,1.0,------3,
1655,552,0,0,0,4,------12,12,1.0,------3,
1658,553,0,1,0,4,------12,12,1.0,------3,
1661,554,0,1,0,4,------12,12,1.0,------3,
1664,555,1,1,20,4,------32,32,1.0,------2,
1667,556,1,1,0,4,------32,32,1.0,------2,
1670,557,1,1,0,4,------32,32,1.0,------2,
1673,558,1,1,0,4,------32,32,1.0,------2,
1676,559,1,0,0,4,------32,32,1.0,------2,
1679,560,0,0,20,4,------12,12,1.0,------3,
1682,561,0,0,0,4,------12,12,1.0,------3,
1685,562,0,0,0,4,------12,12,1.0,------3,
1688,563,0,0,0,4,------12,12,1.0,------3,
1691,564,0,0,0,4,------12,12,1.0,------3,
1694,565,0,1,16,4,------28,32,0.88,------4,
1697,566,0,1,0,4,------28,32,0.88,------4,
1700,567,0,1,0,4,------28,32,0.88,------4,
1703,568,0,1,0,4,------28,32,0.88,------4,
1706,569,0,1,0,4,------28,32,0.88,------4,
1709,570,1,1,4,4,------32,32,1.0,------2,
1712,571,1,0,0,4,------32,32,1.0,------2,
1715,572,1,0,0,4,------32,32,1.0,------2,
1718,573,1,0,0,4,------32,32,1.0,------2,
1721,574,1,0,0,4,------32,32,1.0,------2,
1724,575,0,0,20,4,------12,12,1.0,------3,
1727,576,0,0,0,4,------12,12,1.0,------3,
1730,577,0,1,0,4,------12,12,1.0,------3,
1733,578,0,1,0,4,------12,12,1.0,------3,
1736,579,0,1,0,4,------12,12,1.0,------3,
1739,580,0,1,16,4,------28,32,0.88,------4,
1742,581,0,1,0,4,------28,32,0.88,------4,
1745,582,0,1,0,4,------28,32,0.88,------4,
1748,583,0,1,0,4,------28,32,0.88,------4,
1751,584,0,1,0,4,------28,32,0.88,------4,
1754,585,1,1,4,4,------32,32,1.0,------2,
1757,586,1,1,0,4,------32,32,1.0,------2,
1760,587,1,1,0,4,------32,32,1.0,------2,
1763,588,1,1,0,4,------32,32,1.0,------2,
1766,589,1,0,0,4,------32,32,1.0,------2,
1769,590,0,0,20,4,------12,12,1.0,------3,
1772,591,0,0,0,4,------12,12,1.0,------3,
1775,592,0,0,0,4,------12,12,1.0,------3,
1778,593,0,0,0,4,------12,12,1.0,------3,
1781,594,0,0,0,4,------12,12,1.0,------3,
1784,595,1,1,20,4,------32,32,1.0,------2,
1787,596,1,1,0,4,------32,32,1.0,------2,
1790,597,1,1,0,4,------32,32,1.0,------2,
1793,598,1,1,0,4,------32,32,1.0,------2,
1796,599,1,1,0,4,------32,32,1.0,------2,
1799,600,1,1,0,4,------32,32,1.0,------2,
1802,601,1,0,0,4,------32,32,1.0,------2,
1805,602,1,0,0,4,------32,32,1.0,------2,
1808,603,1,0,0,4,------32,32,1.0,------2,
1811,604,1,0,0,4,------32,32,1.0,------2,
1814,605,0,0,20,4,------12,12,1.0,------3,
1817,606,0,0,0,4,------12,12,1.0,------3,
1820,607,0,1,0,4,------12,12,1.0,------3,
1823,608,0,1,0,4,------12,12,1.0,------3,
1826,609,0,1,0,4,------12,12,1.0,------3,
1829,610,1,1,20,4,------32,32,1.0,------2,
1832,611,1,1,0,4,------32,32,1.0,------2,
1835,612,1,1,0,4,------32,32,1.0,------2,
1838,613,1,0,0,4,------32,32,1.0,------2,
1841,614,1,0,0,4,------32,32,1.0,------2,
1844,615,0,0,20,4,------12,12,1.0,------3,
1847,616,0,0,0,4,------12,12,1.0,------3,
1850,617,0,0,0,4,------12,12,1.0,------3,
1853,618,0,0,0,4,------12,12,1.0,------3,
1856,619,0,1,0,4,------12,12,1.0,------3,
1859,620,1,1,20,4,------32,32,1.0,------2,
1862,621,1,1,0,4,------32,32,1.0,------2,
1865,622,1,1,0,4,------32,32,1.0,------2,
1868,623,1,1,0,4,------32,32,1.0,------2,
1871,624,1,1,0,4,------32,32,1.0,------2,
1874,625,0,0,20,4,------12,12,1.0,------3,
1877,626,0,0,0,4,------12,12,1.0,------3,
1880,627,0,0,0,4,------12,12,1.0,------3,
1883,628,0,0,0,4,------12,12,1.0,------3,
1886,629,0,0,0,4,------12,12,1.0,------3,
1889,630,0,0,0,4,------12,12,1.0,------3,
1892,631,0,1,0,4,------12,12,1.0,------3,
1895,632,0,1,0,4,------12,12,1.0,------3,
1898,633,0,1,0,4,------12,12,1.0,------3,
1901,634,0,1,0,4,------12,12,1.0,------3,
1904,635,0,1,16,4,------28,32,0.88,------4,
1907,636,0,1,0,4,------28,32,0.88,------4,
1910,637,0,1,0,4,------28,32,0.88,------4,
1913,638,0,1,0,4,------28,32,0.88,------4,
1916,639,0,1,0,4,------28,32,0.88,------4,
1919,640,1,1,4,4,------32,32,1.0,------2,
1922,641,1,1,0,4,------32,32,1.0,------2,
1925,642,1,1,0,4,------32,32,1.0,------2,
1928,643,1,0,0,4,------32,32,1.0,------2,
1931,644,1,0,0,4,------32,32,1.0,------2,
1934,645,0,0,20,4,------12,12,1.0,------3,
1937,646,0,0,0,4,------12,12,1.0,------3,
1940,647,0,0,0,4,------12,12,1.0,------3,
1943,648,0,0,0,4,------12,12,1.0,------3,
1946,649,0,1,0,4,------12,12,1.0,------3,
1949,650,1,1,20,4,------32,32,1.0,------2,
1952,651,1,1,0,4,------32,32,1.0,------2,
1955,652,1,1,0,4,------32,32,1.0,------2,
1958,653,1,1,0,4,------32,32,1.0,------2,
1961,654,1,1,0,4,------32,32,1.0,------2,
1964,655,0,0,20,4,------12,12,1.0,------3,
1967,656,0,0,0,4,------12,12,1.0,------3,
1970,657,0,0,0,4,------12,12,1.0,------3,
1973,658,0,0,0,4,------12,12,1.0,------3,
1976,659,0,0,0,4,------12,12,1.0,------3,
1979,660,0,0,0,4,------12,12,1.0,------3,
1982,661,0,1,0,4,------12,12,1.0,------3,
1985,662,0,1,0,4,------12,12,1.0,------3,
1988,663,0,1,0,4,------12,12,1.0,------3,
1991,664,0,1,0,4,------12,12,1.0,------3,
1994,665,0,1,16,4,------28,32,0.88,------4,
1997,666,0,1,0,4,------28,32,0.88,------4,
2000,667,0,1,0,4,------28,32,0.88,------4,
2003,668,0,1,0,4,------28,32,0.88,------4,
2006,669,0,1,0,4,------28,32,0.88,------4,
2009,670,1,1,4,4,------32,32,1.0,------2,
2012,671,1,1,0,4,------32,32,1.0,------2,
2015,672,1,1,0,4,------32,32,1.0,------2,
2018,673,1,0,0,4,------32,32,1.0,------2,
2021,674,1,0,0,4,------32,32,1.0,------2,
2024,675,0,0,20,4,------12,12,1.0,------3,
2027,676,0,0,0,4,------12,12,1.0,------3,
2030,677,0,0,0,4,------12,12,1.0,------3,
2033,678,0,0,0,4,------12,12,1.0,------3,
2036,679,0,1,0,4,------12,12,1.0,------3,
2039,680,0,1,16,4,------28,32,0.88,------4,
2042,681,0,1,0,4,------28,32,0.88,------4,
2045,682,0,1,0,4,------28,32,0.88,------4,
2048,683,0,1,0,4,------28,32,0.88,------4,
2051,684,0,1,0,4,------28,32,0.88,------4,
2054,685,1,1,4,4,------32,32,1.0,------2,
2057,686,1,1,0,4,------32,32,1.0,------2,
2060,687,1,1,0,4,------32,32,1.0,------2,
2063,688,1,1,0,4,------32,32,1.0,------2,
2066,689,1,1,0,4,------32,32,1.0,------2,
2069,690,1,1,0,4,------32,32,1.0,------2,
2072,691,1,0,0,4,------32,32,1.0,------2,
2075,692,1,0,0,4,------32,32,1.0,------2,
2078,693,1,0,0,4,------32,32,1.0,------2,
2081,694,1,0,0,4,------32,32,1.0,------2,
2084,695,0,0,20,4,------12,12,1.0,------3,
2087,696,0,0,0,4,------12,12,1.0,------3,
2090,697,0,1,0,4,------12,12,1.0,------3,
2093,698,0,1,0,4,------12,12,1.0,------3,
2096,699,0,1,0,4,------12,12,1.0,------3,
2099,700,0,1,16,4,------28,32,0.88,------4,
2102,701,0,1,0,4,------28,32,0.88,------4,
2105,702,0,1,0,4,------28,32,0.88,------4,
2108,703,0,1,0,4,------28,32,0.88,------4,
2111,704,0,1,0,4,------28,32,0.88,------4,
2114,705,1,1,4,4,------32,32,1.0,------2,
2117,706,1,1,0,4,------32,32,1.0,------2,
2120,707,1,1,0,4,------32,32,1.0,------2,
2123,708,1,1,0,4,------32,32,1.0,------2,
2126,709,1,0,0,4,------32,32,1.0,------2,
2129,710,0,0,20,4,------12,12,1.0,------3,
2132,711,0,0,0,4,------12,12,1.0,------3,
2135,712,0,0,0,4,------12,12,1.0,------3,
2138,713,0,0,0,4,------12,12,1.0,------3,
2141,714,0,0,0,4,------12,12,1.0,------3,
2144,715,1,1,20,4,------32,32,1.0,------2,
2147,716,1,1,0,4,------32,32,1.0,------2,
2150,717,1,1,0,4,------32,32,1.0,------2,
2153,718,1,1,0,4,------32,32,1.0,------2,
2156,719,1,1,0,4,------32,32,1.0,------2,
2159,720,1,1,0,4,------32,32,1.0,------2,
2162,721,1,0,0,4,------32,32,1.0,------2,
2165,722,1,0,0,4,------32,32,1.0,------2,
2168,723,1,0,0,4,------32,32,1.0,------2,
2171,724,1,0,0,4,------32,32,1.0,------2,
2174,725,0,0,20,4,------12,12,1.0,------3,
2177,726,0,0,0,4,------12,12,1.0,------3,
2180,727,0,1,0,4,------12,12,1.0,------3,
2183,728,0,1,0,4,------12,12,1.0,------3,
2186,729,0,1,0,4,------12,12,1.0,------3,
2189,730,1,1,20,4,------32,32,1.0,------2,
2192,731,1,1,0,4,------32,32,1.0,------2,
2195,732,1,1,0,4,------32,32,1.0,------2,
2198,733,1,0,0,4,------32,32,1.0,------2,
2201,734,1,0,0,4,------32,32,1.0,------2,
2204,735,0,0,20,4,------12,12,1.0,------3,
2207,736,0,0,0,4,------12,12,1.0,------3,
2210,737,0,0,0,4,------12,12,1.0,------3,
2213,738,0,0,0,4,------12,12,1.0,------3,
2216,739,0,1,0,4,------12,12,1.0,------3,
2219,740,1,1,20,4,------32,32,1.0,------2,
2222,741,1,1,0,4,------32,32,1.0,------2,
2225,742,1,1,0,4,------32,32,1.0,------2,
2228,743,1,1,0,4,------32,32,1.0,------2,
2231,744,1,1,0,4,------32,32,1.0,------2,
2234,745,0,0,20,4,------12,12,1.0,------3,
2237,746,0,0,0,4,------12,12,1.0,------3,
2240,747,0,0,0,4,------12,12,1.0,------3,
2243,748,0,0,0,4,------12,12,1.0,------3,
2246,749,0,0,0,4,------12,12,1.0,------3,
2249,750,0,0,0,4,------12,12,1.0,------3,
2252,751,0,1,0,4,------12,12,1.0,------3,
2255,752,0,1,0,4,------12,12,1.0,------3,
2258,753,0,1,0,4,------12,12,1.0,------3,
2261,754,0,1,0,4,------12,12,1.0,------3,
2264,755,1,1,20,4,------32,32,1.0,------2,
2267,756,1,1,0,4,------32,32,1.0,------2,
2270,757,1,0,0,4,------32,32,1.0,------2,
2273,758,1,0,0,4,------32,32,1.0,------2,
2276,759,1,0,0,4,------32,32,1.0,------2,
2279,760,0,0,20,4,------12,12,1.0,------3,
2282,761,0,0,0,4,------12,12,1.0,------3,
2285,762,0,0,0,4,------12,12,1.0,------3,
2288,763,0,1,0,4,------12,12,1.0,------3,
2291,764,0,1,0,4,------12,12,1.0,------3,
2294,765,1,1,20,4,------32,32,1.0,------2,
2297,766,1,1,0,4,------32,32,1.0,------2,
2300,767,1,1,0,4,------32,32,1.0,------2,
2303,768,1,1,0,4,------32,32,1.0,------2,
2306,769,1,0,0,4,------32,32,1.0,------2,
2309,770,0,0,20,4,------12,12,1.0,------3,
2312,771,0,0,0,4,------12,12,1.0,------3,
2315,772,0,0,0,4,------12,12,1.0,------3,
2318,773,0,0,0,4,------12,12,1.0,------3,
2321,774,0,0,0,4,------12,12,1.0,------3,
2324,775,0,1,16,4,------28,32,0.88,------4,
2327,776,0,1,0,4,------28,32,0.88,------4,
2330,777,0,1,0,4,------28,32,0.88,------4,
2333,778,0,1,0,4,------28,32,0.88,------4,
2336,779,0,1,0,4,------28,32,0.88,------4,
2339,780,1,1,4,4,------32,32,1.0,------2,
2342,781,1,0,0,4,------32,32,1.0,------2,
2345,782,1,0,0,4,------32,32,1.0,------2,
2348,783,1,0,0,4,------32,32,1.0,------2,
2351,784,1,0,0,4,------32,32,1.0,------2,
2354,785,0,0,20,4,------12,12,1.0,------3,
2357,786,0,0,0,4,------12,12,1.0,------3,
2360,787,0,1,0,4,------12,12,1.0,------3,
2363,788,0,1,0,4,------12,12,1.0,------3,
2366,789,0,1,0,4,------12,12,1.0,------3,
2369,790,0,1,16,4,------28,32,0.88,------4,
2372,791,0,1,0,4,------28,32,0.88,------4,
2375,792,0,1,0,4,------28,32,0.88,------4,
2378,793,0,1,0,4,------28,32,0.88,------4,
2381,794,0,1,0,4,------28,32,0.88,------4,
2384,795,1,1,4,4,------32,32,1.0,------2,
2387,796,1,1,0,4,------32,32,1.0,------2,
2390,797,1,1,0,4,------32,32,1.0,------2,
2393,798,1,1,0,4,------32,32,1.0,------2,
2396,799,1,0,0,4,------32,32,1.0,------2,
2399,800,0,0,20,4,------12,12,1.0,------3,
2402,801,0,0,0,4,------12,12,1.0,------3,
2405,802,0,0,0,4,------12,12,1.0,------3,
2408,803,0,0,0,4,------12,12,1.0,------3,
2411,804,0,0,0,4,------12,12,1.0,------3,
2414,805,1,1,20,4,------32,32,1.0,------2,
2417,806,1,1,0,4,------32,32,1.0,------2,
2420,807,1,1,0,4,------32,32,1.0,------2,
2423,808,1,1,0,4,------32,32,1.0,------2,
2426,809,1,1,0,4,------32,32,1.0,------2,
2429,810,1,1,0,4,------32,32,1.0,------2,
2432,811,1,0,0,4,------32,32,1.0,------2,
2435,812,1,0,0,4,------32,32,1.0,------2,
2438,813,1,0,0,4,------32,32,1.0,------2,
2441,814,1,0,0,4,------32,32,1.0,------2,
2444,815,0,0,20,4,------12,12,1.0,------3,
2447,816,0,0,0,4,------12,12,1.0,------3,
2450,817,0,1,0,4,------12,12,1.0,------3,
2453,818,0,1,0,4,------12,12,1.0,------3,
2456,819,0,1,0,4,------12,12,1.0,------3,
2459,820,1,1,20,4,------32,32,1.0,------2,
2462,821,1,1,0,4,------32,32,1.0,------2,
2465,822,1,1,0,4,------32,32,1.0,------2,
2468,823,1,0,0,4,------32,32,1.0,------2,
2471,824,1,0,0,4,------32,32,1.0,------2,
2474,825,0,0,20,4,------12,12,1.0,------3,
2477,826,0,0,0,4,------12,12,1.0,------3,
2480,827,0,0,0,4,------12,12,1.0,------3,
2483,828,0,0,0,4,------12,12,1.0,------3,
2486,829,0,1,0,4,------12,12,1.0,------3,
2489,830,1,1,20,4,------32,32,1.0,------2,
2492,831,1,1,0,4,------32,32,1.0,------2,
2495,832,1,1,0,4,------32,32,1.0,------2,
2498,833,1,1,0,4,------32,32,1.0,------2,
2501,834,1,1,0,4,------32,32,1.0,------2,
2504,835,0,0,20,4,------12,12,1.0,------3,
2507,836,0,0,0,4,------12,12,1.0,------3,
2510,837,0,0,0,4,------12,12,1.0,------3,
2513,838,0,0,0,4,------12,12,1.0,------3,
2516,839,0,0,0,4,------12,12,1.0,------3,
2519,840,0,0,0,4,------12,12,1.0,------3,
2522,841,0,1,0,4,------12,12,1.0,------3,
2525,842,0,1,0,4,------12,12,1.0,------3,
2528,843,0,1,0,4,------12,12,1.0,------3,
2531,844,0,1,0,4,------12,12,1.0,------3,
2534,845,0,1,16,4,------28,32,0.88,------4,
2537,846,0,1,0,4,------28,32,0.88,------4,
2540,847,0,1,0,4,------28,32,0.88,------4,
2543,848,0,1,0,4,------28,32,0.88,------4,
2546,849,0,1,0,4,------28,32,0.88,------4,
2549,850,1,1,4,4,------32,32,1.0,------2,
2552,851,1,1,0,4,------32,32,1.0,------2,
2555,852,1,1,0,4,------32,32,1.0,------2,
2558,853,1,0,0,4,------32,32,1.0,------2,
2561,854,1,0,0,4,------32,32,1.0,------2,
2564,855,0,0,20,4,------12,12,1.0,------3,
2567,856,0,0,0,4,------12,12,1.0,------3,
2570,857,0,0,0,4,------12,12,1.0,------3,
2573,858,0,0,0,4,------12,12,1.0,------3,
2576,859,0,1,0,4,------12,12,1.0,------3,
2579,860,1,1,20,4,------32,32,1.0,------2,
2582,861,1,1,0,4,------32,32,1.0,------2,
2585,862,1,1,0,4,------32,32,1.0,------2,
2588,863,1,1,0,4,------32,32,1.0,------2,
2591,864,1,1,0,4,------32,32,1.0,------2,
2594,865,0,0,20,4,------12,12,1.0,------3,
2597,866,0,0,0,4,------12,12,1.0,------3,
2600,867,0,0,0,4,------12,12,1.0,------3,
2603,868,0,0,0,4,------12,12,1.0,------3,
2606,869,0,0,0,4,------12,12,1.0,------3,
2609,870,0,0,0,4,------12,12,1.0,------3,
2612,871,0,1,0,4,------12,12,1.0,------3,
2615,872,0,1,0,4,------12,12,1.0,------3,
2618,873,0,1,0,4,------12,12,1.0,------3,
2621,874,0,1,0,4,------12,12,1.0,------3,
2624,875,0,1,16,4,------28,32,0.88,------4,
2627,876,0,1,0,4,------28,32,0.88,------4,
2630,877,0,1,0,4,------28,32,0.88,------4,
2633,878,0,1,0,4,------28,32,0.88,------4,
2636,879,0,1,0,4,------28,32,0.88,------4,
2639,880,1,1,4,4,------32,32,1.0,------2,
2642,881,1,1,0,4,------32,32,1.0,------2,
2645,882,1,1,0,4,------32,32,1.0,------2,
2648,883,1,0,0,4,------32,32,1.0,------2,
2651,884,1,0,0,4,------32,32,1.0,------2,
2654,885,0,0,20,4,------12,12,1.0,------3,
2657,886,0,0,0,4,------12,12,1.0,------3,
2660,887,0,0,0,4,------12,12,1.0,------3,
2663,888,0,0,0,4,------12,12,1.0,------3,
2666,889,0,1,0,4,------12,12,1.0,------3,
2669,890,0,1,16,4,------28,32,0.88,------4,
2672,891,0,1,0,4,------28,32,0.88,------4,
2675,892,0,1,0,4,------28,32,0.88,------4,
2678,893,0,1,0,4,------28,32,0.88,------4,
2681,894,0,1,0,4,------28,32,0.88,------4,
2684,895,1,1,4,4,------32,32,1.0,------2,
2687,896,1,1,0,4,------32,32,1.0,------2,
2690,897,1,1,0,4,------32,32,1.0,------2,
2693,898,1,1,0,4,------32,32,1.0,------2,
2696,899,1,1,0,4,------32,32,1.0,------2,
2699,900,1,1,0,4,------32,32,1.0,------2,
2702,901,1,0,0,4,------32,32,1.0,------2,
2705,902,1,0,0,4,------32,32,1.0,------2,
2708,903,1,0,0,4,------32,32,1.0,------2,
2711,904,1,0,0,4,------32,32,1.0,------2,
2714,905,0,0,20,4,------12,12,1.0,------3,
2717,906,0,0,0,4,------12,12,1.0,------3,
2720,907,0,1,0,4,------12,12,1.0,------3,
2723,908,0,1,0,4,------12,12,1.0,------3,
2726,909,0,1,0,4,------12,12,1.0,------3,
2729,910,0,1,16,4,------28,32,0.88,------4,
2732,911,0,1,0,4,------28,32,0.88,------4,
2735,912,0,1,0,4,------28,32,0.88,------4,
2738,913,0,1,0,4,------28,32,0.88,------4,
2741,914,0,1,0,4,------28,32,0.88,------4,
2744,915,1,1,4,4,------32,32,1.0,------2,
2747,916,1,1,0,4,------32,32,1.0,------2,
2750,917,1,1,0,4,------32,32,1.0,------2,
2753,918,1,1,0,4,------32,32,1.0,------2,
2756,919,1,0,0,4,------32,32,1.0,------2,
2759,920,0,0,20,4,------12,12,1.0,------3,
2762,921,0,0,0,4,------12,12,1.0,------3,
2765,922,0,0,0,4,------12,12,1.0,------3,
2768,923,0,0,0,4,------12,12,1.0,------3,
2771,924,0,0,0,4,------12,12,1.0,------3,
2774,925,1,1,20,4,------32,32,1.0,------2,
2777,926,1,1,0,4,------32,32,1.0,------2,
2780,927,1,1,0,4,------32,32,1.0,------2,
2783,928,1,1,0,4,------32,32,1.0,------2,
2786,929,1,1,0,4,------32,32,1.0,------2,
2789,930,1,1,0,4,------32,32,1.0,------2,
2792,931,1,0,0,4,------32,32,1.0,------2,
2795,932,1,0,0,4,------32,32,1.0,------2,
2798,933,1,0,0,4,------32,32,1.0,------2,
2801,934,1,0,0,4,------32,32,1.0,------2,
2804,935,0,0,20,4,------12,12,1.0,------3,
2807,936,0,0,0,4,------12,12,1.0,------3,
2810,937,0,1,0,4,------12,12,1.0,------3,
2813,938,0,1,0,4,------12,12,1.0,------3,
2816,939,0,1,0,4,------12,12,1.0,------3,
2819,940,1,1,20,4,------32,32,1.0,------2,
2822,941,1,1,0,4,------32,32,1.0,------2,
2825,942,1,1,0,4,------32,32,1.0,------2,
2828,943,1,0,0,4,------32,32,1.0,------2,
2831,944,1,0,0,4,------32,32,1.0,------2,
2834,945,0,0,20,4,------12,12,1.0,------3,
2837,946,0,0,0,4,------12,12,1.0,------3,
2840,947,0,0,0,4,------12,12,1.0,------3,
2843,948,0,0,0,4,------12,12,1.0,------3,
2846,949,0,1,0,4,------12,12,1.0,------3,
2849,950,1,1,20,4,------32,32,1.0,------2,
2852,951,1,1,0,4,------32,32,1.0,------2,
2855,952,1,1,0,4,------32,32,1.0,------2,
2858,953,1,1,0,4,------32,32,1.0,------2,
2861,954,1,1,0,4,------32,32,1.0,------2,
2864,955,0,0,20,4,------12,12,1.0,------3,
2867,956,0,0,0,4,------12,12,1.0,------3,
2870,957,0,0,0,4,------12,12,1.0,------3,
2873,958,0,0,0,4,------12,12,1.0,------3,
2876,959,0,0,0,4,------12,12,1.0,------3,
2879,960,0,0,0,4,------12,12,1.0,------3,
2882,961,0,1,0,4,------12,12,1.0,------3,
2885,962,0,1,0,4,------12,12,1.0,------3,
2888,963,0,1,0,4,------12,12,1.0,------3,
2891,964,0,1,0,4,------12,12,1.0,------3,
2894,965,1,1,20,4,------32,32,1.0,------2,
2897,966,1,1,0,4,------32,32,1.0,------2,
2900,967,1,0,0,4,------32,32,1.0,------2,
2903,968,1,0,0,4,------32,32,1.0,------2,
2906,969,1,0,0,4,------32,32,1.0,------2,
2909,970,0,0,20,4,------12,12,1.0,------3,
2912,971,0,0,0,4,------12,12,1.0,------3,
2915,972,0,0,0,4,------12,12,1.0,------3,
2918,973,0,1,0,4,------12,12,1.0,------3,
2921,974,0,1,0,4,------12,12,1.0,------3,
2924,975,1,1,20,4,------32,32,1.0,------2,
2927,976,1,1,0,4,------32,32,1.0,------2,
2930,977,1,1,0,4,------32,32,1.0,------2,
2933,978,1,1,0,4,------32,32,1.0,------2,
2936,979,1,0,0,4,------32,32,1.0,------2,
2939,980,0,0,20,4,------12,12,1.0,------3,
2942,981,0,0,0,4,------12,12,1.0,------3,
2945,982,0,0,0,4,------12,12,1.0,------3,
2948,983,0,0,0,4,------12,12,1.0,------3,
2951,984,0,0,0,4,------12,12,1.0,------3,
2954,985,0,1,16,4,------28,32,0.88,------4,
2957,986,0,1,0,4,------28,32,0.88,------4,
2960,987,0,1,0,4,------28,32,0.88,------4,
2963,988,0,1,0,4,------28,32,0.88,------4,
2966,989,0,1,0,4,------28,32,0.88,------4,
2969,990,1,1,4,4,------32,32,1.0,------2,
2972,991,1,0,0,4,------32,32,1.0,------2,
2975,992,1,0,0,4,------32,32,1.0,------2,
2978,993,1,0,0,4,------32,32,1.0,------2,
2981,994,1,0,0,4,------32,32,1.0,------2,
2984,995,0,0,20,4,------12,12,1.0,------3,
2987,996,0,0,0,4,------12,12,1.0,------3,
2990,997,0,1,0,4,------12,12,1.0,------3,
2993,998,0,1,0,4,------12,12,1.0,------3,
2996,999,0,1,0,4,------12,12,1.0,------3,
2999,1000,0,1,16,4,------28,32,0.88,------4,
3002,1001,0,1,0,4,------28,32,0.88,------4,
3005,1002,0,1,0,4,------28,32,0.88,------4,
3008,1003,0,1,0,4,------28,32,0.88,------4,
3011,1004,0,1,0,4,------28,32,0.88,------4,
3014,1005,1,1,4,4,------32,32,1.0,------2,
3017,1006,1,1,0,4,------32,32,1.0,------2,
3020,1007,1,1,0,4,------32,32,1.0,------2,
3023,1008,1,1,0,4,------32,32,1.0,------2,
3026,1009,1,0,0,4,------32,32,1.0,------2,
3029,1010,0,0,20,4,------12,12,1.0,------3,
3032,1011,0,0,0,4,------12,12,1.0,------3,
3035,1012,0,0,0,4,------12,12,1.0,------3,
3038,1013,0,0,0,4,------12,12,1.0,------3,
3041,1014,0,0,0,4,------12,12,1.0,------3,
3044,1015,1,1,20,4,------32,32,1.0,------2,
3047,1016,1,1,0,4,------32,32,1.0,------2,
3050,1017,1,1,0,4,------32,32,1.0,------2,
3053,1018,1,1,0,4,------32,32,1.0,------2,
3056,1019,1,1,0,4,------32,32,1.0,------2,
3059,1020,1,1,0,4,------32,32,1.0,------2,
3062,1021,1,0,0,4,------32,32,1.0,------2,
3065,1022,1,0,0,4,------32,32,1.0,------2,
3068,1023,1,0,0,4,------32,32,1.0,------2,
3071,1024,1,0,0,4,------32,32,1.0,------2,
3074,1025,0,0,20,4,------12,12,1.0,------3,
3077,1026,0,0,0,4,------12,12,1.0,------3,
3080,1027,0,1,0,4,------12,12,1.0,------3,
3083,1028,0,1,0,4,------12,12,1.0,------3,
3086,1029,0,1,0,4,------12,12,1.0,------3,
3089,1030,1,1,20,4,------32,32,1.0,------2,
3092,1031,1,1,0,4,------32,32,1.0,------2,
3095,1032,1,1,0,4,------32,32,1.0,------2,
3098,1033,1,0,0,4,------32,32,1.0,------2,
3101,1034,1,0,0,4,------32,32,1.0,------2,
3104,1035,0,0,20,4,------12,12,1.0,------3,
3107,1036,0,0,0,4,------12,12,1.0,------3,
3110,1037,0,0,0,4,------12,12,1.0,------3,
3113,1038,0,0,0,4,------12,12,1.0,------3,
3116,1039,0,1,0,4,------12,12,1.0,------3,
3119,1040,1,1,20,4,------32,32,1.0,------2,
3122,1041,1,1,0,4,------32,32,1.0,------2,
3125,1042,1,1,0,4,------32,32,1.0,------2,
3128,1043,1,1,0,4,------32,32,1.0,------2,
3131,1044,1,1,0,4,------32,32,1.0,------2,
3134,1045,0,0,20,4,------12,12,1.0,------3,
3137,1046,0,0,0,4,------12,12,1.0,------3,
3140,1047,0,0,0,4,------12,12,1.0,------3,
3143,1048,0,0,0,4,------12,12,1.0,------3,
3146,1049,0,0,0,4,------12,12,1.0,------3,
3149,1050,0,0,0,4,------12,12,1.0,------3,
3152,1051,0,1,0,4,------12,12,1.0,------3,
3155,1052,0,1,0,4,------12,12,1.0,------3,
3158,1053,0,1,0,4,------12,12,1.0,------3,
3161,1054,0,1,0,4,------12,12,1.0,------3,
3164,1055,0,1,16,4,------28,32,0.88,------4,
3167,1056,0,1,0,4,------28,32,0.88,------4,
3170,1057,0,1,0,4,------28,32,0.88,------4,
3173,1058,0,1,0,4,------28,32,0.88,------4,
3176,1059,0,1,0,4,------28,32,0.88,------4,
3179,1060,1,1,4,4,------32,32,1.0,------2,
3182,1061,1,1,0,4,------32,32,1.0,------2,
3185,1062,1,1,0,4,------32,32,1.0,------2,
3188,1063,1,0,0,4,------32,32,1.0,------2,
3191,1064,1,0,0,4,------32,32,1.0,------2,
3194,1065,0,0,20,4,------12,12,1.0,------3,
3197,1066,0,0,0,4,------12,12,1.0,------3,
3200,1067,0,0,0,4,------12,12,1.0,------3,
3203,1068,0,0,0,4,------12,12,1.0,------3,
3206,1069,0,1,0,4,------12,12,1.0,------3,
3209,1070,1,1,20,4,------32,32,1.0,------2,
3212,1071,1,1,0,4,------32,32,1.0,------2,
3215,1072,1,1,0,4,------32,32,1.0,------2,
3218,1073,1,1,0,4,------32,32,1.0,------2,
3221,1074,1,1,0,4,------32,32,1.0,------2,
3224,1075,0,0,20,4,------12,12,1.0,------3,
3227,1076,0,0,0,4,------12,12,1.0,------3,
3230,1077,0,0,0,4,------12,12,1.0,------3,
3233,1078,0,0,0,4,------12,12,1.0,------3,
3236,1079,0,0,0,4,------12,12,1.0,------3,
3239,1080,0,0,0,4,------12,12,1.0,------3,
3242,1081,0,1,0,4,------12,12,1.0,------3,
3245,1082,0,1,0,4,------12,12,1.0,------3,
3248,1083,0,1,0,4,------12,12,1.0,------3,
3251,1084,0,1,0,4,------12,12,1.0,------3,
3254,1085,0,1,16,4,------28,32,0.88,------4,
3257,1086,0,1,0,4,------28,32,0.88,------4,
3260,1087,0,1,0,4,------28,32,0.88,------4,
3263,1088,0,1,0,4,------28,32,0.88,------4,
3266,1089,0,1,0,4,------28,32,0.88,------4,
3269,1090,1,1,4,4,------32,32,1.0,------2,
3272,1091,1,1,0,4,------32,32,1.0,------2,
3275,1092,1,1,0,4,------32,32,1.0,------2,
3278,1093,1,0,0,4,------32,32,1.0,------2,
3281,1094,1,0,0,4,------32,32,1.0,------2,
3284,1095,0,0,20,4,------12,12,1.0,------3,
3287,1096,0,0,0,4,------12,12,1.0,------3,
3290,1097,0,0,0,4,------12,12,1.0,------3,
3293,1098,0,0,0,4,------12,12,1.0,------3,
3296,1099,0,1,0,4,------12,12,1.0,------3,
3299,1100,0,1,16,4,------28,32,0.88,------4,
3302,1101,0,1,0,4,------28,32,0.88,------4,
3305,1102,0,1,0,4,------28,32,0.88,------4,
3308,1103,0,1,0,4,------28,32,0.88,------4,
3311,1104,0,1,0,4,------28,32,0.88,------4,
3314,1105,1,1,4,4,------32,32,1.0,------2,
3317,1106,1,1,0,4,------32,32,1.0,------2,
3320,1107,1,1,0,4,------32,32,1.0,------2,
3323,1108,1,1,0,4,------32,32,1.0,------2,
3326,1109,1,1,0,4,------32,32,1.0,------2,
3329,1110,1,1,0,4,------32,32,1.0,------2,
3332,1111,1,0,0,4,------32,32,1.0,------2,
3335,1112,1,0,0,4,------32,32,1.0,------2,
3338,1113,1,0,0,4,------32,32,1.0,------2,
3341,1114,1,0,0,4,------32,32,1.0,------2,
3344,1115,0,0,20,4,------12,12,1.0,------3,
3347,1116,0,0,0,4,------12,12,1.0,------3,
3350,1117,0,1,0,4,------12,12,1.0,------3,
3353,1118,0,1,0,4,------12,12,1.0,------3,
3356,1119,0,1,0,4,------12,12,1.0,------3,
3359,1120,0,1,16,4,------28,32,0.88,------4,
3362,1121,0,1,0,4,------28,32,0.88,------4,
3365,1122,0,1,0,4,------28,32,0.88,------4,
3368,1123,0,1,0,4,------28,32,0.88,------4,
3371,1124,0,1,0,4,------28,32,0.88,------4,
3374,1125,1,1,4,4,------32,32,1.0,------2,
3377,1126,1,1,0,4,------32,32,1.0,------2,
3380,1127,1,1,0,4,------32,32,1.0,------2,
3383,1128,1,1,0,4,------32,32,1.0,------2,
3386,1129,1,0,0,4,------32,32,1.0,------2,
3389,1130,0,0,20,4,------12,12,1.0,------3,
3392,1131,0,0,0,4,------12,12,1.0,------3,
3395,1132,0,0,0,4,------12,12,1.0,------3,
3398,1133,0,0,0,4,------12,12,1.0,------3,
3401,1134,0,0,0,4,------12,12,1.0,------3,
3404,1135,1,1,20,4,------32,32,1.0,------2,
3407,1136,1,1,0,4,------32,32,1.0,------2,
3410,1137,1,1,0,4,------32,32,1.0,------2,
3413,1138,1,1,0,4,------32,32,1.0,------2,
3416,1139,1,1,0,4,------32,32,1.0,------2,
3419,1140,1,1,0,4,------32,32,1.0,------2,
3422,1141,1,0,0,4,------32,32,1.0,------2,
3425,1142,1,0,0,4,------32,32,1.0,------2,
3428,1143,1,0,0,4,------32,32,1.0,------2,
3431,1144,1,0,0,4,------32,32,1.0,------2,
3434,1145,0,0,20,4,------12,12,1.0,------3,
3437,1146,0,0,0,4,------12,12,1.0,------3,
3440,1147,0,1,0,4,------12,12,1.0,------3,
3443,1148,0,1,0,4,------12,12,1.0,------3,
3446,1149,0,1,0,4,------12,12,1.0,------3,
3449,1150,1,1,20,4,------32,32,1.0,------2,
3452,1151,1,1,0,4,------32,32,1.0,------2,
3455,1152,1,1,0,4,------32,32,1.0,------2,
3458,1153,1,0,0,4,------32,32,1.0,------2,
3461,1154,1,0,0,4,------32,32,1.0,------2,
3464,1155,0,0,20,4,------12,12,1.0,------3,
3467,1156,0,0,0,4,------12,12,1.0,------3,
3470,1157,0,0,0,4,------12,12,1.0,------3,
3473,1158,0,0,0,4,------12,12,1.0,------3,
3476,1159,0,1,0,4,------12,12,1.0,------3,
3479,1160,1,1,20,4,------32,32,1.0,------2,
3482,1161,1,1,0,4,------32,32,1.0,------2,
3485,1162,1,1,0,4,------32,32,1.0,------2,
3488,1163,1,1,0,4,------32,32,1.0,------2,
3491,1164,1,1,0,4,------32,32,1.0,------2,
3494,1165,0,0,20,4,------12,12,1.0,------3,
3497,1166,0,0,0,4,------12,12,1.0,------3,
3500,1167,0,0,0,4,------12,12,1.0,------3,
3503,1168,0,0,0,4,------12,12,1.0,------3,
3506,1169,0,0,0,4,------12,12,1.0,------3,
3509,1170,0,0,0,4,------12,12,1.0,------3,
3512,1171,0,1,0,4,------12,12,1.0,------3,
3515,1172,0,1,0,4,------12,12,1.0,------3,
3518,1173,0,1,0,4,------12,12,1.0,------3,
3521,1174,0,1,0,4,------12,12,1.0,------3,
3524,1175,1,1,20,4,------32,32,1.0,------2,
3527,1176,1,1,0,4,------32,32,1.0,------2,
3530,1177,1,0,0,4,------32,32,1.0,------2,
3533,1178,1,0,0,4,------32,32,1.0,------2,
