L2A0-->Columns Header:, LevelCount, AutomataStep, AggregateState, Goal, StateDifference, DiversityCounter, LiveCellsCount, LiveCellsArea, LiveCellsDensity, StateId
3,1,0,1,0,1,------0,0,0.0,------1,
6,2,0,1,0,1,------0,0,0.0,------1,
9,3,0,1,0,1,------0,0,0.0,------1,
12,4,0,1,0,1,------0,0,0.0,------1,
15,5,0,1,0,1,------0,0,0.0,------1,
18,6,0,1,0,1,------0,0,0.0,------1,
21,7,0,1,0,1,------0,0,0.0,------1,
24,8,0,1,0,1,------0,0,0.0,------1,
27,9,0,1,0,1,------0,0,0.0,------1,
30,10,0,1,0,1,------0,0,0.0,------1,
33,11,0,1,0,1,------0,0,0.0,------1,
36,12,0,1,0,1,------0,0,0.0,------1,
39,13,0,1,0,1,------0,0,0.0,------1,
42,14,0,1,0,1,------0,0,0.0,------1,
45,15,0,1,0,1,------0,0,0.0,------1,
48,16,0,1,0,1,------0,0,0.0,------1,
51,17,0,1,0,1,------0,0,0.0,------1,
54,18,1,1,1,2,------1,0,2.1474836E7,------2,
57,19,1,1,0,2,------1,0,2.1474836E7,------2,
60,20,1,1,0,2,------1,0,2.1474836E7,------2,
63,21,1,1,0,2,------1,0,2.1474836E7,------2,
66,22,1,1,0,2,------1,0,2.1474836E7,------2,
69,23,1,1,0,2,------1,0,2.1474836E7,------2,
72,24,0,1,1,2,------0,0,0.0,------1,
75,25,0,1,0,2,------0,0,0.0,------1,
78,26,0,1,0,2,------0,0,0.0,------1,
81,27,0,1,0,2,------0,0,0.0,------1,
84,28,0,1,0,2,------0,0,0.0,------1,
87,29,0,1,0,2,------0,0,0.0,------1,
90,30,1,1,1,2,------1,0,2.1474836E7,------2,
93,31,1,1,0,2,------1,0,2.1474836E7,------2,
96,32,1,1,0,2,------1,0,2.1474836E7,------2,
99,33,1,1,0,2,------1,0,2.1474836E7,------2,
102,34,1,1,0,2,------1,0,2.1474836E7,------2,
105,35,1,1,0,2,------1,0,2.1474836E7,------2,
108,36,1,1,0,2,------1,0,2.1474836E7,------2,
111,37,1,1,0,2,------1,0,2.1474836E7,------2,
114,38,1,1,0,2,------1,0,2.1474836E7,------2,
117,39,1,1,0,2,------1,0,2.1474836E7,------2,
120,40,1,1,0,2,------1,0,2.1474836E7,------2,
123,41,1,1,0,2,------1,0,2.1474836E7,------2,
126,42,0,1,1,2,------0,0,0.0,------1,
129,43,0,1,0,2,------0,0,0.0,------1,
132,44,0,1,0,2,------0,0,0.0,------1,
135,45,0,1,0,2,------0,0,0.0,------1,
138,46,0,1,0,2,------0,0,0.0,------1,
141,47,0,1,0,2,------0,0,0.0,------1,
144,48,1,1,1,2,------1,0,2.1474836E7,------2,
147,49,1,1,0,2,------1,0,2.1474836E7,------2,
150,50,1,1,0,2,------1,0,2.1474836E7,------2,
153,51,1,1,0,2,------1,0,2.1474836E7,------2,
156,52,1,1,0,2,------1,0,2.1474836E7,------2,
159,53,1,1,0,2,------1,0,2.1474836E7,------2,
162,54,1,1,0,2,------1,0,2.1474836E7,------2,
165,55,1,1,0,2,------1,0,2.1474836E7,------2,
168,56,1,1,0,2,------1,0,2.1474836E7,------2,
171,57,1,1,0,2,------1,0,2.1474836E7,------2,
174,58,1,1,0,2,------1,0,2.1474836E7,------2,
177,59,1,1,0,2,------1,0,2.1474836E7,------2,
180,60,0,1,1,2,------0,0,0.0,------1,
183,61,0,1,0,2,------0,0,0.0,------1,
186,62,0,1,0,2,------0,0,0.0,------1,
189,63,0,1,0,2,------0,0,0.0,------1,
192,64,0,1,0,2,------0,0,0.0,------1,
195,65,0,1,0,2,------0,0,0.0,------1,
198,66,1,1,1,2,------1,0,2.1474836E7,------2,
201,67,1,1,0,2,------1,0,2.1474836E7,------2,
204,68,1,1,0,2,------1,0,2.1474836E7,------2,
207,69,1,1,0,2,------1,0,2.1474836E7,------2,
210,70,1,1,0,2,------1,0,2.1474836E7,------2,
213,71,1,1,0,2,------1,0,2.1474836E7,------2,
216,72,1,1,0,2,------1,0,2.1474836E7,------2,
219,73,1,1,0,2,------1,0,2.1474836E7,------2,
222,74,1,1,0,2,------1,0,2.1474836E7,------2,
225,75,1,1,0,2,------1,0,2.1474836E7,------2,
228,76,1,1,0,2,------1,0,2.1474836E7,------2,
231,77,1,1,0,2,------1,0,2.1474836E7,------2,
234,78,0,1,1,2,------0,0,0.0,------1,
237,79,0,1,0,2,------0,0,0.0,------1,
240,80,0,1,0,2,------0,0,0.0,------1,
243,81,0,1,0,2,------0,0,0.0,------1,
246,82,0,1,0,2,------0,0,0.0,------1,
249,83,0,1,0,2,------0,0,0.0,------1,
252,84,1,1,1,2,------1,0,2.1474836E7,------2,
255,85,1,1,0,2,------1,0,2.1474836E7,------2,
258,86,1,1,0,2,------1,0,2.1474836E7,------2,
261,87,1,1,0,2,------1,0,2.1474836E7,------2,
264,88,1,1,0,2,------1,0,2.1474836E7,------2,
267,89,1,1,0,2,------1,0,2.1474836E7,------2,
270,90,0,1,1,2,------0,0,0.0,------1,
273,91,0,1,0,2,------0,0,0.0,------1,
276,92,0,1,0,2,------0,0,0.0,------1,
279,93,0,1,0,2,------0,0,0.0,------1,
282,94,0,1,0,2,------0,0,0.0,------1,
285,95,0,1,0,2,------0,0,0.0,------1,
288,96,1,1,1,2,------1,0,2.1474836E7,------2,
291,97,1,1,0,2,------1,0,2.1474836E7,------2,
294,98,1,1,0,2,------1,0,2.1474836E7,------2,
297,99,1,1,0,2,------1,0,2.1474836E7,------2,
300,100,1,1,0,2,------1,0,2.1474836E7,------2,
303,101,1,1,0,2,------1,0,2.1474836E7,------2,
306,102,0,1,1,2,------0,0,0.0,------1,
309,103,0,1,0,2,------0,0,0.0,------1,
312,104,0,1,0,2,------0,0,0.0,------1,
315,105,0,1,0,2,------0,0,0.0,------1,
318,106,0,1,0,2,------0,0,0.0,------1,
321,107,0,1,0,2,------0,0,0.0,------1,
324,108,1,1,1,2,------1,0,2.1474836E7,------2,
327,109,1,1,0,2,------1,0,2.1474836E7,------2,
330,110,1,1,0,2,------1,0,2.1474836E7,------2,
333,111,1,1,0,2,------1,0,2.1474836E7,------2,
336,112,1,1,0,2,------1,0,2.1474836E7,------2,
339,113,1,1,0,2,------1,0,2.1474836E7,------2,
342,114,0,1,1,2,------0,0,0.0,------1,
345,115,0,1,0,2,------0,0,0.0,------1,
348,116,0,1,0,2,------0,0,0.0,------1,
351,117,0,1,0,2,------0,0,0.0,------1,
354,118,0,1,0,2,------0,0,0.0,------1,
357,119,0,1,0,2,------0,0,0.0,------1,
360,120,1,1,1,2,------1,0,2.1474836E7,------2,
363,121,1,1,0,2,------1,0,2.1474836E7,------2,
366,122,1,1,0,2,------1,0,2.1474836E7,------2,
369,123,1,1,0,2,------1,0,2.1474836E7,------2,
372,124,1,1,0,2,------1,0,2.1474836E7,------2,
375,125,1,1,0,2,------1,0,2.1474836E7,------2,
378,126,0,1,1,2,------0,0,0.0,------1,
381,127,0,1,0,2,------0,0,0.0,------1,
384,128,0,1,0,2,------0,0,0.0,------1,
387,129,0,1,0,2,------0,0,0.0,------1,
390,130,0,1,0,2,------0,0,0.0,------1,
393,131,0,1,0,2,------0,0,0.0,------1,
396,132,1,1,1,2,------1,0,2.1474836E7,------2,
399,133,1,1,0,2,------1,0,2.1474836E7,------2,
402,134,1,1,0,2,------1,0,2.1474836E7,------2,
405,135,1,1,0,2,------1,0,2.1474836E7,------2,
408,136,1,1,0,2,------1,0,2.1474836E7,------2,
411,137,1,1,0,2,------1,0,2.1474836E7,------2,
414,138,0,1,1,2,------0,0,0.0,------1,
417,139,0,1,0,2,------0,0,0.0,------1,
420,140,0,1,0,2,------0,0,0.0,------1,
423,141,0,1,0,2,------0,0,0.0,------1,
426,142,0,1,0,2,------0,0,0.0,------1,
429,143,0,1,0,2,------0,0,0.0,------1,
432,144,1,1,1,2,------1,0,2.1474836E7,------2,
435,145,1,1,0,2,------1,0,2.1474836E7,------2,
438,146,1,1,0,2,------1,0,2.1474836E7,------2,
441,147,1,1,0,2,------1,0,2.1474836E7,------2,
444,148,1,1,0,2,------1,0,2.1474836E7,------2,
447,149,1,1,0,2,------1,0,2.1474836E7,------2,
450,150,0,1,1,2,------0,0,0.0,------1,
453,151,0,1,0,2,------0,0,0.0,------1,
456,152,0,1,0,2,------0,0,0.0,------1,
459,153,0,1,0,2,------0,0,0.0,------1,
462,154,0,1,0,2,------0,0,0.0,------1,
465,155,0,1,0,2,------0,0,0.0,------1,
468,156,1,1,1,2,------1,0,2.1474836E7,------2,
471,157,1,1,0,2,------1,0,2.1474836E7,------2,
474,158,1,1,0,2,------1,0,2.1474836E7,------2,
477,159,1,1,0,2,------1,0,2.1474836E7,------2,
480,160,1,1,0,2,------1,0,2.1474836E7,------2,
483,161,1,1,0,2,------1,0,2.1474836E7,------2,
486,162,1,1,0,2,------1,0,2.1474836E7,------2,
489,163,1,1,0,2,------1,0,2.1474836E7,------2,
492,164,1,1,0,2,------1,0,2.1474836E7,------2,
495,165,1,1,0,2,------1,0,2.1474836E7,------2,
498,166,1,1,0,2,------1,0,2.1474836E7,------2,
501,167,1,1,0,2,------1,0,2.1474836E7,------2,
504,168,0,1,1,2,------0,0,0.0,------1,
507,169,0,1,0,2,------0,0,0.0,------1,
510,170,0,1,0,2,------0,0,0.0,------1,
513,171,0,1,0,2,------0,0,0.0,------1,
516,172,0,1,0,2,------0,0,0.0,------1,
519,173,0,1,0,2,------0,0,0.0,------1,
522,174,1,1,1,2,------1,0,2.1474836E7,------2,
525,175,1,1,0,2,------1,0,2.1474836E7,------2,
528,176,1,1,0,2,------1,0,2.1474836E7,------2,
531,177,1,1,0,2,------1,0,2.1474836E7,------2,
534,178,1,1,0,2,------1,0,2.1474836E7,------2,
537,179,1,1,0,2,------1,0,2.1474836E7,------2,
540,180,0,1,1,2,------0,0,0.0,------1,
543,181,0,1,0,2,------0,0,0.0,------1,
546,182,0,1,0,2,------0,0,0.0,------1,
549,183,0,1,0,2,------0,0,0.0,------1,
552,184,0,1,0,2,------0,0,0.0,------1,
555,185,0,1,0,2,------0,0,0.0,------1,
558,186,1,1,1,2,------1,0,2.1474836E7,------2,
561,187,1,1,0,2,------1,0,2.1474836E7,------2,
564,188,1,1,0,2,------1,0,2.1474836E7,------2,
567,189,1,1,0,2,------1,0,2.1474836E7,------2,
570,190,1,1,0,2,------1,0,2.1474836E7,------2,
573,191,1,1,0,2,------1,0,2.1474836E7,------2,
576,192,0,1,1,2,------0,0,0.0,------1,
579,193,0,1,0,2,------0,0,0.0,------1,
582,194,0,1,0,2,------0,0,0.0,------1,
585,195,0,1,0,2,------0,0,0.0,------1,
588,196,0,1,0,2,------0,0,0.0,------1,
591,197,0,1,0,2,------0,0,0.0,------1,
594,198,1,1,1,2,------1,0,2.1474836E7,------2,
597,199,1,1,0,2,------1,0,2.1474836E7,------2,
600,200,1,1,0,2,------1,0,2.1474836E7,------2,
603,201,1,1,0,2,------1,0,2.1474836E7,------2,
606,202,1,1,0,2,------1,0,2.1474836E7,------2,
609,203,1,1,0,2,------1,0,2.1474836E7,------2,
612,204,0,1,1,2,------0,0,0.0,------1,
615,205,0,1,0,2,------0,0,0.0,------1,
618,206,0,1,0,2,------0,0,0.0,------1,
621,207,0,1,0,2,------0,0,0.0,------1,
624,208,0,1,0,2,------0,0,0.0,------1,
627,209,0,1,0,2,------0,0,0.0,------1,
630,210,1,1,1,2,------1,0,2.1474836E7,------2,
633,211,1,1,0,2,------1,0,2.1474836E7,------2,
636,212,1,1,0,2,------1,0,2.1474836E7,------2,
639,213,1,1,0,2,------1,0,2.1474836E7,------2,
642,214,1,1,0,2,------1,0,2.1474836E7,------2,
645,215,1,1,0,2,------1,0,2.1474836E7,------2,
648,216,1,1,0,2,------1,0,2.1474836E7,------2,
651,217,1,1,0,2,------1,0,2.1474836E7,------2,
654,218,1,1,0,2,------1,0,2.1474836E7,------2,
657,219,1,1,0,2,------1,0,2.1474836E7,------2,
660,220,1,1,0,2,------1,0,2.1474836E7,------2,
663,221,1,1,0,2,------1,0,2.1474836E7,------2,
666,222,0,1,1,2,------0,0,0.0,------1,
669,223,0,1,0,2,------0,0,0.0,------1,
672,224,0,1,0,2,------0,0,0.0,------1,
675,225,0,1,0,2,------0,0,0.0,------1,
678,226,0,1,0,2,------0,0,0.0,------1,
681,227,0,1,0,2,------0,0,0.0,------1,
684,228,1,1,1,2,------1,0,2.1474836E7,------2,
687,229,1,1,0,2,------1,0,2.1474836E7,------2,
690,230,1,1,0,2,------1,0,2.1474836E7,------2,
693,231,1,1,0,2,------1,0,2.1474836E7,------2,
696,232,1,1,0,2,------1,0,2.1474836E7,------2,
699,233,1,1,0,2,------1,0,2.1474836E7,------2,
702,234,0,1,1,2,------0,0,0.0,------1,
705,235,0,1,0,2,------0,0,0.0,------1,
708,236,0,1,0,2,------0,0,0.0,------1,
711,237,0,1,0,2,------0,0,0.0,------1,
714,238,0,1,0,2,------0,0,0.0,------1,
717,239,0,1,0,2,------0,0,0.0,------1,
720,240,1,1,1,2,------1,0,2.1474836E7,------2,
723,241,1,1,0,2,------1,0,2.1474836E7,------2,
726,242,1,1,0,2,------1,0,2.1474836E7,------2,
729,243,1,1,0,2,------1,0,2.1474836E7,------2,
732,244,1,1,0,2,------1,0,2.1474836E7,------2,
735,245,1,1,0,2,------1,0,2.1474836E7,------2,
738,246,1,1,0,2,------1,0,2.1474836E7,------2,
741,247,1,1,0,2,------1,0,2.1474836E7,------2,
744,248,1,1,0,2,------1,0,2.1474836E7,------2,
747,249,1,1,0,2,------1,0,2.1474836E7,------2,
750,250,1,1,0,2,------1,0,2.1474836E7,------2,
753,251,1,1,0,2,------1,0,2.1474836E7,------2,
756,252,0,1,1,2,------0,0,0.0,------1,
759,253,0,1,0,2,------0,0,0.0,------1,
762,254,0,1,0,2,------0,0,0.0,------1,
765,255,0,1,0,2,------0,0,0.0,------1,
768,256,0,1,0,2,------0,0,0.0,------1,
771,257,0,1,0,2,------0,0,0.0,------1,
774,258,1,1,1,2,------1,0,2.1474836E7,------2,
777,259,1,1,0,2,------1,0,2.1474836E7,------2,
780,260,1,1,0,2,------1,0,2.1474836E7,------2,
783,261,1,1,0,2,------1,0,2.1474836E7,------2,
786,262,1,1,0,2,------1,0,2.1474836E7,------2,
789,263,1,1,0,2,------1,0,2.1474836E7,------2,
792,264,1,1,0,2,------1,0,2.1474836E7,------2,
795,265,1,1,0,2,------1,0,2.1474836E7,------2,
798,266,1,1,0,2,------1,0,2.1474836E7,------2,
801,267,1,1,0,2,------1,0,2.1474836E7,------2,
804,268,1,1,0,2,------1,0,2.1474836E7,------2,
807,269,1,1,0,2,------1,0,2.1474836E7,------2,
810,270,0,1,1,2,------0,0,0.0,------1,
813,271,0,1,0,2,------0,0,0.0,------1,
816,272,0,1,0,2,------0,0,0.0,------1,
819,273,0,1,0,2,------0,0,0.0,------1,
822,274,0,1,0,2,------0,0,0.0,------1,
825,275,0,1,0,2,------0,0,0.0,------1,
828,276,1,1,1,2,------1,0,2.1474836E7,------2,
831,277,1,1,0,2,------1,0,2.1474836E7,------2,
834,278,1,1,0,2,------1,0,2.1474836E7,------2,
837,279,1,1,0,2,------1,0,2.1474836E7,------2,
840,280,1,1,0,2,------1,0,2.1474836E7,------2,
843,281,1,1,0,2,------1,0,2.1474836E7,------2,
846,282,1,1,0,2,------1,0,2.1474836E7,------2,
849,283,1,1,0,2,------1,0,2.1474836E7,------2,
852,284,1,1,0,2,------1,0,2.1474836E7,------2,
855,285,1,1,0,2,------1,0,2.1474836E7,------2,
858,286,1,1,0,2,------1,0,2.1474836E7,------2,
861,287,1,1,0,2,------1,0,2.1474836E7,------2,
864,288,0,1,1,2,------0,0,0.0,------1,
867,289,0,1,0,2,------0,0,0.0,------1,
870,290,0,1,0,2,------0,0,0.0,------1,
873,291,0,1,0,2,------0,0,0.0,------1,
876,292,0,1,0,2,------0,0,0.0,------1,
879,293,0,1,0,2,------0,0,0.0,------1,
882,294,1,1,1,2,------1,0,2.1474836E7,------2,
885,295,1,1,0,2,------1,0,2.1474836E7,------2,
888,296,1,1,0,2,------1,0,2.1474836E7,------2,
891,297,1,1,0,2,------1,0,2.1474836E7,------2,
894,298,1,1,0,2,------1,0,2.1474836E7,------2,
897,299,1,1,0,2,------1,0,2.1474836E7,------2,
900,300,0,1,1,2,------0,0,0.0,------1,
903,301,0,1,0,2,------0,0,0.0,------1,
906,302,0,1,0,2,------0,0,0.0,------1,
909,303,0,1,0,2,------0,0,0.0,------1,
912,304,0,1,0,2,------0,0,0.0,------1,
915,305,0,1,0,2,------0,0,0.0,------1,
918,306,1,1,1,2,------1,0,2.1474836E7,------2,
921,307,1,1,0,2,------1,0,2.1474836E7,------2,
924,308,1,1,0,2,------1,0,2.1474836E7,------2,
927,309,1,1,0,2,------1,0,2.1474836E7,------2,
930,310,1,1,0,2,------1,0,2.1474836E7,------2,
933,311,1,1,0,2,------1,0,2.1474836E7,------2,
936,312,0,1,1,2,------0,0,0.0,------1,
939,313,0,1,0,2,------0,0,0.0,------1,
942,314,0,1,0,2,------0,0,0.0,------1,
945,315,0,1,0,2,------0,0,0.0,------1,
948,316,0,1,0,2,------0,0,0.0,------1,
951,317,0,1,0,2,------0,0,0.0,------1,
954,318,1,1,1,2,------1,0,2.1474836E7,------2,
957,319,1,1,0,2,------1,0,2.1474836E7,------2,
960,320,1,1,0,2,------1,0,2.1474836E7,------2,
963,321,1,1,0,2,------1,0,2.1474836E7,------2,
966,322,1,1,0,2,------1,0,2.1474836E7,------2,
969,323,1,1,0,2,------1,0,2.1474836E7,------2,
972,324,0,1,1,2,------0,0,0.0,------1,
975,325,0,1,0,2,------0,0,0.0,------1,
978,326,0,1,0,2,------0,0,0.0,------1,
981,327,0,1,0,2,------0,0,0.0,------1,
984,328,0,1,0,2,------0,0,0.0,------1,
987,329,0,1,0,2,------0,0,0.0,------1,
990,330,1,1,1,2,------1,0,2.1474836E7,------2,
993,331,1,1,0,2,------1,0,2.1474836E7,------2,
996,332,1,1,0,2,------1,0,2.1474836E7,------2,
999,333,1,1,0,2,------1,0,2.1474836E7,------2,
1002,334,1,1,0,2,------1,0,2.1474836E7,------2,
1005,335,1,1,0,2,------1,0,2.1474836E7,------2,
1008,336,0,1,1,2,------0,0,0.0,------1,
1011,337,0,1,0,2,------0,0,0.0,------1,
1014,338,0,1,0,2,------0,0,0.0,------1,
1017,339,0,1,0,2,------0,0,0.0,------1,
1020,340,0,1,0,2,------0,0,0.0,------1,
1023,341,0,1,0,2,------0,0,0.0,------1,
1026,342,1,1,1,2,------1,0,2.1474836E7,------2,
1029,343,1,1,0,2,------1,0,2.1474836E7,------2,
1032,344,1,1,0,2,------1,0,2.1474836E7,------2,
1035,345,1,1,0,2,------1,0,2.1474836E7,------2,
1038,346,1,1,0,2,------1,0,2.1474836E7,------2,
1041,347,1,1,0,2,------1,0,2.1474836E7,------2,
1044,348,0,1,1,2,------0,0,0.0,------1,
1047,349,0,1,0,2,------0,0,0.0,------1,
1050,350,0,1,0,2,------0,0,0.0,------1,
1053,351,0,1,0,2,------0,0,0.0,------1,
1056,352,0,1,0,2,------0,0,0.0,------1,
1059,353,0,1,0,2,------0,0,0.0,------1,
1062,354,1,1,1,2,------1,0,2.1474836E7,------2,
1065,355,1,1,0,2,------1,0,2.1474836E7,------2,
1068,356,1,1,0,2,------1,0,2.1474836E7,------2,
1071,357,1,1,0,2,------1,0,2.1474836E7,------2,
1074,358,1,1,0,2,------1,0,2.1474836E7,------2,
1077,359,1,1,0,2,------1,0,2.1474836E7,------2,
1080,360,0,1,1,2,------0,0,0.0,------1,
1083,361,0,1,0,2,------0,0,0.0,------1,
1086,362,0,1,0,2,------0,0,0.0,------1,
1089,363,0,1,0,2,------0,0,0.0,------1,
1092,364,0,1,0,2,------0,0,0.0,------1,
1095,365,0,1,0,2,------0,0,0.0,------1,
1098,366,1,1,1,2,------1,0,2.1474836E7,------2,
1101,367,1,1,0,2,------1,0,2.1474836E7,------2,
1104,368,1,1,0,2,------1,0,2.1474836E7,------2,
1107,369,1,1,0,2,------1,0,2.1474836E7,------2,
1110,370,1,1,0,2,------1,0,2.1474836E7,------2,
1113,371,1,1,0,2,------1,0,2.1474836E7,------2,
1116,372,1,1,0,2,------1,0,2.1474836E7,------2,
1119,373,1,1,0,2,------1,0,2.1474836E7,------2,
1122,374,1,1,0,2,------1,0,2.1474836E7,------2,
1125,375,1,1,0,2,------1,0,2.1474836E7,------2,
1128,376,1,1,0,2,------1,0,2.1474836E7,------2,
1131,377,1,1,0,2,------1,0,2.1474836E7,------2,
1134,378,0,1,1,2,------0,0,0.0,------1,
1137,379,0,1,0,2,------0,0,0.0,------1,
1140,380,0,1,0,2,------0,0,0.0,------1,
1143,381,0,1,0,2,------0,0,0.0,------1,
1146,382,0,1,0,2,------0,0,0.0,------1,
1149,383,0,1,0,2,------0,0,0.0,------1,
1152,384,1,1,1,2,------1,0,2.1474836E7,------2,
1155,385,1,1,0,2,------1,0,2.1474836E7,------2,
1158,386,1,1,0,2,------1,0,2.1474836E7,------2,
1161,387,1,1,0,2,------1,0,2.1474836E7,------2,
1164,388,1,1,0,2,------1,0,2.1474836E7,------2,
1167,389,1,1,0,2,------1,0,2.1474836E7,------2,
1170,390,0,1,1,2,------0,0,0.0,------1,
1173,391,0,1,0,2,------0,0,0.0,------1,
1176,392,0,1,0,2,------0,0,0.0,------1,
1179,393,0,1,0,2,------0,0,0.0,------1,
1182,394,0,1,0,2,------0,0,0.0,------1,
1185,395,0,1,0,2,------0,0,0.0,------1,
1188,396,1,1,1,2,------1,0,2.1474836E7,------2,
1191,397,1,1,0,2,------1,0,2.1474836E7,------2,
1194,398,1,1,0,2,------1,0,2.1474836E7,------2,
1197,399,1,1,0,2,------1,0,2.1474836E7,------2,
1200,400,1,1,0,2,------1,0,2.1474836E7,------2,
1203,401,1,1,0,2,------1,0,2.1474836E7,------2,
1206,402,0,1,1,2,------0,0,0.0,------1,
1209,403,0,1,0,2,------0,0,0.0,------1,
1212,404,0,1,0,2,------0,0,0.0,------1,
1215,405,0,1,0,2,------0,0,0.0,------1,
1218,406,0,1,0,2,------0,0,0.0,------1,
1221,407,0,1,0,2,------0,0,0.0,------1,
1224,408,1,1,1,2,------1,0,2.1474836E7,------2,
1227,409,1,1,0,2,------1,0,2.1474836E7,------2,
1230,410,1,1,0,2,------1,0,2.1474836E7,------2,
1233,411,1,1,0,2,------1,0,2.1474836E7,------2,
1236,412,1,1,0,2,------1,0,2.1474836E7,------2,
1239,413,1,1,0,2,------1,0,2.1474836E7,------2,
1242,414,0,1,1,2,------0,0,0.0,------1,
1245,415,0,1,0,2,------0,0,0.0,------1,
1248,416,0,1,0,2,------0,0,0.0,------1,
1251,417,0,1,0,2,------0,0,0.0,------1,
1254,418,0,1,0,2,------0,0,0.0,------1,
1257,419,0,1,0,2,------0,0,0.0,------1,
1260,420,1,1,1,2,------1,0,2.1474836E7,------2,
1263,421,1,1,0,2,------1,0,2.1474836E7,------2,
1266,422,1,1,0,2,------1,0,2.1474836E7,------2,
1269,423,1,1,0,2,------1,0,2.1474836E7,------2,
1272,424,1,1,0,2,------1,0,2.1474836E7,------2,
1275,425,1,1,0,2,------1,0,2.1474836E7,------2,
1278,426,1,1,0,2,------1,0,2.1474836E7,------2,
1281,427,1,1,0,2,------1,0,2.1474836E7,------2,
1284,428,1,1,0,2,------1,0,2.1474836E7,------2,
1287,429,1,1,0,2,------1,0,2.1474836E7,------2,
1290,430,1,1,0,2,------1,0,2.1474836E7,------2,
1293,431,1,1,0,2,------1,0,2.1474836E7,------2,
1296,432,0,1,1,2,------0,0,0.0,------1,
1299,433,0,1,0,2,------0,0,0.0,------1,
1302,434,0,1,0,2,------0,0,0.0,------1,
1305,435,0,1,0,2,------0,0,0.0,------1,
1308,436,0,1,0,2,------0,0,0.0,------1,
1311,437,0,1,0,2,------0,0,0.0,------1,
1314,438,1,1,1,2,------1,0,2.1474836E7,------2,
1317,439,1,1,0,2,------1,0,2.1474836E7,------2,
1320,440,1,1,0,2,------1,0,2.1474836E7,------2,
1323,441,1,1,0,2,------1,0,2.1474836E7,------2,
1326,442,1,1,0,2,------1,0,2.1474836E7,------2,
1329,443,1,1,0,2,------1,0,2.1474836E7,------2,
1332,444,0,1,1,2,------0,0,0.0,------1,
1335,445,0,1,0,2,------0,0,0.0,------1,
1338,446,0,1,0,2,------0,0,0.0,------1,
1341,447,0,1,0,2,------0,0,0.0,------1,
1344,448,0,1,0,2,------0,0,0.0,------1,
1347,449,0,1,0,2,------0,0,0.0,------1,
1350,450,1,1,1,2,------1,0,2.1474836E7,------2,
1353,451,1,1,0,2,------1,0,2.1474836E7,------2,
1356,452,1,1,0,2,------1,0,2.1474836E7,------2,
1359,453,1,1,0,2,------1,0,2.1474836E7,------2,
1362,454,1,1,0,2,------1,0,2.1474836E7,------2,
1365,455,1,1,0,2,------1,0,2.1474836E7,------2,
1368,456,1,1,0,2,------1,0,2.1474836E7,------2,
1371,457,1,1,0,2,------1,0,2.1474836E7,------2,
1374,458,1,1,0,2,------1,0,2.1474836E7,------2,
1377,459,1,1,0,2,------1,0,2.1474836E7,------2,
1380,460,1,1,0,2,------1,0,2.1474836E7,------2,
1383,461,1,1,0,2,------1,0,2.1474836E7,------2,
1386,462,0,1,1,2,------0,0,0.0,------1,
1389,463,0,1,0,2,------0,0,0.0,------1,
1392,464,0,1,0,2,------0,0,0.0,------1,
1395,465,0,1,0,2,------0,0,0.0,------1,
1398,466,0,1,0,2,------0,0,0.0,------1,
1401,467,0,1,0,2,------0,0,0.0,------1,
1404,468,1,1,1,2,------1,0,2.1474836E7,------2,
1407,469,1,1,0,2,------1,0,2.1474836E7,------2,
1410,470,1,1,0,2,------1,0,2.1474836E7,------2,
1413,471,1,1,0,2,------1,0,2.1474836E7,------2,
1416,472,1,1,0,2,------1,0,2.1474836E7,------2,
1419,473,1,1,0,2,------1,0,2.1474836E7,------2,
1422,474,1,1,0,2,------1,0,2.1474836E7,------2,
1425,475,1,1,0,2,------1,0,2.1474836E7,------2,
1428,476,1,1,0,2,------1,0,2.1474836E7,------2,
1431,477,1,1,0,2,------1,0,2.1474836E7,------2,
1434,478,1,1,0,2,------1,0,2.1474836E7,------2,
1437,479,1,1,0,2,------1,0,2.1474836E7,------2,
1440,480,0,1,1,2,------0,0,0.0,------1,
1443,481,0,1,0,2,------0,0,0.0,------1,
1446,482,0,1,0,2,------0,0,0.0,------1,
1449,483,0,1,0,2,------0,0,0.0,------1,
1452,484,0,1,0,2,------0,0,0.0,------1,
1455,485,0,1,0,2,------0,0,0.0,------1,
1458,486,1,1,1,2,------1,0,2.1474836E7,------2,
1461,487,1,1,0,2,------1,0,2.1474836E7,------2,
1464,488,1,1,0,2,------1,0,2.1474836E7,------2,
1467,489,1,1,0,2,------1,0,2.1474836E7,------2,
1470,490,1,1,0,2,------1,0,2.1474836E7,------2,
1473,491,1,1,0,2,------1,0,2.1474836E7,------2,
1476,492,1,1,0,2,------1,0,2.1474836E7,------2,
1479,493,1,1,0,2,------1,0,2.1474836E7,------2,
1482,494,1,1,0,2,------1,0,2.1474836E7,------2,
1485,495,1,1,0,2,------1,0,2.1474836E7,------2,
1488,496,1,1,0,2,------1,0,2.1474836E7,------2,
1491,497,1,1,0,2,------1,0,2.1474836E7,------2,
1494,498,0,1,1,2,------0,0,0.0,------1,
1497,499,0,1,0,2,------0,0,0.0,------1,
1500,500,0,1,0,2,------0,0,0.0,------1,
1503,501,0,1,0,2,------0,0,0.0,------1,
1506,502,0,1,0,2,------0,0,0.0,------1,
1509,503,0,1,0,2,------0,0,0.0,------1,
1512,504,1,1,1,2,------1,0,2.1474836E7,------2,
1515,505,1,1,0,2,------1,0,2.1474836E7,------2,
1518,506,1,1,0,2,------1,0,2.1474836E7,------2,
1521,507,1,1,0,2,------1,0,2.1474836E7,------2,
1524,508,1,1,0,2,------1,0,2.1474836E7,------2,
1527,509,1,1,0,2,------1,0,2.1474836E7,------2,
1530,510,0,1,1,2,------0,0,0.0,------1,
1533,511,0,1,0,2,------0,0,0.0,------1,
1536,512,0,1,0,2,------0,0,0.0,------1,
1539,513,0,1,0,2,------0,0,0.0,------1,
1542,514,0,1,0,2,------0,0,0.0,------1,
1545,515,0,1,0,2,------0,0,0.0,------1,
1548,516,1,1,1,2,------1,0,2.1474836E7,------2,
1551,517,1,1,0,2,------1,0,2.1474836E7,------2,
1554,518,1,1,0,2,------1,0,2.1474836E7,------2,
1557,519,1,1,0,2,------1,0,2.1474836E7,------2,
1560,520,1,1,0,2,------1,0,2.1474836E7,------2,
1563,521,1,1,0,2,------1,0,2.1474836E7,------2,
1566,522,0,1,1,2,------0,0,0.0,------1,
1569,523,0,1,0,2,------0,0,0.0,------1,
1572,524,0,1,0,2,------0,0,0.0,------1,
1575,525,0,1,0,2,------0,0,0.0,------1,
1578,526,0,1,0,2,------0,0,0.0,------1,
1581,527,0,1,0,2,------0,0,0.0,------1,
1584,528,1,1,1,2,------1,0,2.1474836E7,------2,
1587,529,1,1,0,2,------1,0,2.1474836E7,------2,
1590,530,1,1,0,2,------1,0,2.1474836E7,------2,
1593,531,1,1,0,2,------1,0,2.1474836E7,------2,
1596,532,1,1,0,2,------1,0,2.1474836E7,------2,
1599,533,1,1,0,2,------1,0,2.1474836E7,------2,
1602,534,0,1,1,2,------0,0,0.0,------1,
1605,535,0,1,0,2,------0,0,0.0,------1,
1608,536,0,1,0,2,------0,0,0.0,------1,
1611,537,0,1,0,2,------0,0,0.0,------1,
1614,538,0,1,0,2,------0,0,0.0,------1,
1617,539,0,1,0,2,------0,0,0.0,------1,
1620,540,1,1,1,2,------1,0,2.1474836E7,------2,
1623,541,1,1,0,2,------1,0,2.1474836E7,------2,
1626,542,1,1,0,2,------1,0,2.1474836E7,------2,
1629,543,1,1,0,2,------1,0,2.1474836E7,------2,
1632,544,1,1,0,2,------1,0,2.1474836E7,------2,
1635,545,1,1,0,2,------1,0,2.1474836E7,------2,
1638,546,0,1,1,2,------0,0,0.0,------1,
1641,547,0,1,0,2,------0,0,0.0,------1,
1644,548,0,1,0,2,------0,0,0.0,------1,
1647,549,0,1,0,2,------0,0,0.0,------1,
1650,550,0,1,0,2,------0,0,0.0,------1,
1653,551,0,1,0,2,------0,0,0.0,------1,
1656,552,1,1,1,2,------1,0,2.1474836E7,------2,
1659,553,1,1,0,2,------1,0,2.1474836E7,------2,
1662,554,1,1,0,2,------1,0,2.1474836E7,------2,
1665,555,1,1,0,2,------1,0,2.1474836E7,------2,
1668,556,1,1,0,2,------1,0,2.1474836E7,------2,
1671,557,1,1,0,2,------1,0,2.1474836E7,------2,
1674,558,0,1,1,2,------0,0,0.0,------1,
1677,559,0,1,0,2,------0,0,0.0,------1,
1680,560,0,1,0,2,------0,0,0.0,------1,
1683,561,0,1,0,2,------0,0,0.0,------1,
1686,562,0,1,0,2,------0,0,0.0,------1,
1689,563,0,1,0,2,------0,0,0.0,------1,
1692,564,1,1,1,2,------1,0,2.1474836E7,------2,
1695,565,1,1,0,2,------1,0,2.1474836E7,------2,
1698,566,1,1,0,2,------1,0,2.1474836E7,------2,
1701,567,1,1,0,2,------1,0,2.1474836E7,------2,
1704,568,1,1,0,2,------1,0,2.1474836E7,------2,
1707,569,1,1,0,2,------1,0,2.1474836E7,------2,
1710,570,0,1,1,2,------0,0,0.0,------1,
1713,571,0,1,0,2,------0,0,0.0,------1,
1716,572,0,1,0,2,------0,0,0.0,------1,
1719,573,0,1,0,2,------0,0,0.0,------1,
1722,574,0,1,0,2,------0,0,0.0,------1,
1725,575,0,1,0,2,------0,0,0.0,------1,
1728,576,1,1,1,2,------1,0,2.1474836E7,------2,
1731,577,1,1,0,2,------1,0,2.1474836E7,------2,
1734,578,1,1,0,2,------1,0,2.1474836E7,------2,
1737,579,1,1,0,2,------1,0,2.1474836E7,------2,
1740,580,1,1,0,2,------1,0,2.1474836E7,------2,
1743,581,1,1,0,2,------1,0,2.1474836E7,------2,
1746,582,1,1,0,2,------1,0,2.1474836E7,------2,
1749,583,1,1,0,2,------1,0,2.1474836E7,------2,
1752,584,1,1,0,2,------1,0,2.1474836E7,------2,
1755,585,1,1,0,2,------1,0,2.1474836E7,------2,
1758,586,1,1,0,2,------1,0,2.1474836E7,------2,
1761,587,1,1,0,2,------1,0,2.1474836E7,------2,
1764,588,0,1,1,2,------0,0,0.0,------1,
1767,589,0,1,0,2,------0,0,0.0,------1,
1770,590,0,1,0,2,------0,0,0.0,------1,
1773,591,0,1,0,2,------0,0,0.0,------1,
1776,592,0,1,0,2,------0,0,0.0,------1,
1779,593,0,1,0,2,------0,0,0.0,------1,
1782,594,1,1,1,2,------1,0,2.1474836E7,------2,
1785,595,1,1,0,2,------1,0,2.1474836E7,------2,
1788,596,1,1,0,2,------1,0,2.1474836E7,------2,
1791,597,1,1,0,2,------1,0,2.1474836E7,------2,
1794,598,1,1,0,2,------1,0,2.1474836E7,------2,
1797,599,1,1,0,2,------1,0,2.1474836E7,------2,
1800,600,0,1,1,2,------0,0,0.0,------1,
1803,601,0,1,0,2,------0,0,0.0,------1,
1806,602,0,1,0,2,------0,0,0.0,------1,
1809,603,0,1,0,2,------0,0,0.0,------1,
1812,604,0,1,0,2,------0,0,0.0,------1,
1815,605,0,1,0,2,------0,0,0.0,------1,
1818,606,1,1,1,2,------1,0,2.1474836E7,------2,
1821,607,1,1,0,2,------1,0,2.1474836E7,------2,
1824,608,1,1,0,2,------1,0,2.1474836E7,------2,
1827,609,1,1,0,2,------1,0,2.1474836E7,------2,
1830,610,1,1,0,2,------1,0,2.1474836E7,------2,
1833,611,1,1,0,2,------1,0,2.1474836E7,------2,
1836,612,0,1,1,2,------0,0,0.0,------1,
1839,613,0,1,0,2,------0,0,0.0,------1,
1842,614,0,1,0,2,------0,0,0.0,------1,
1845,615,0,1,0,2,------0,0,0.0,------1,
1848,616,0,1,0,2,------0,0,0.0,------1,
1851,617,0,1,0,2,------0,0,0.0,------1,
1854,618,1,1,1,2,------1,0,2.1474836E7,------2,
1857,619,1,1,0,2,------1,0,2.1474836E7,------2,
1860,620,1,1,0,2,------1,0,2.1474836E7,------2,
1863,621,1,1,0,2,------1,0,2.1474836E7,------2,
1866,622,1,1,0,2,------1,0,2.1474836E7,------2,
1869,623,1,1,0,2,------1,0,2.1474836E7,------2,
1872,624,0,1,1,2,------0,0,0.0,------1,
1875,625,0,1,0,2,------0,0,0.0,------1,
1878,626,0,1,0,2,------0,0,0.0,------1,
1881,627,0,1,0,2,------0,0,0.0,------1,
1884,628,0,1,0,2,------0,0,0.0,------1,
1887,629,0,1,0,2,------0,0,0.0,------1,
1890,630,1,1,1,2,------1,0,2.1474836E7,------2,
1893,631,1,1,0,2,------1,0,2.1474836E7,------2,
1896,632,1,1,0,2,------1,0,2.1474836E7,------2,
1899,633,1,1,0,2,------1,0,2.1474836E7,------2,
1902,634,1,1,0,2,------1,0,2.1474836E7,------2,
1905,635,1,1,0,2,------1,0,2.1474836E7,------2,
1908,636,1,1,0,2,------1,0,2.1474836E7,------2,
1911,637,1,1,0,2,------1,0,2.1474836E7,------2,
1914,638,1,1,0,2,------1,0,2.1474836E7,------2,
1917,639,1,1,0,2,------1,0,2.1474836E7,------2,
1920,640,1,1,0,2,------1,0,2.1474836E7,------2,
1923,641,1,1,0,2,------1,0,2.1474836E7,------2,
1926,642,0,1,1,2,------0,0,0.0,------1,
1929,643,0,1,0,2,------0,0,0.0,------1,
1932,644,0,1,0,2,------0,0,0.0,------1,
1935,645,0,1,0,2,------0,0,0.0,------1,
1938,646,0,1,0,2,------0,0,0.0,------1,
1941,647,0,1,0,2,------0,0,0.0,------1,
1944,648,1,1,1,2,------1,0,2.1474836E7,------2,
1947,649,1,1,0,2,------1,0,2.1474836E7,------2,
1950,650,1,1,0,2,------1,0,2.1474836E7,------2,
1953,651,1,1,0,2,------1,0,2.1474836E7,------2,
1956,652,1,1,0,2,------1,0,2.1474836E7,------2,
1959,653,1,1,0,2,------1,0,2.1474836E7,------2,
1962,654,0,1,1,2,------0,0,0.0,------1,
1965,655,0,1,0,2,------0,0,0.0,------1,
1968,656,0,1,0,2,------0,0,0.0,------1,
1971,657,0,1,0,2,------0,0,0.0,------1,
1974,658,0,1,0,2,------0,0,0.0,------1,
1977,659,0,1,0,2,------0,0,0.0,------1,
1980,660,1,1,1,2,------1,0,2.1474836E7,------2,
1983,661,1,1,0,2,------1,0,2.1474836E7,------2,
1986,662,1,1,0,2,------1,0,2.1474836E7,------2,
1989,663,1,1,0,2,------1,0,2.1474836E7,------2,
1992,664,1,1,0,2,------1,0,2.1474836E7,------2,
1995,665,1,1,0,2,------1,0,2.1474836E7,------2,
1998,666,1,1,0,2,------1,0,2.1474836E7,------2,
2001,667,1,1,0,2,------1,0,2.1474836E7,------2,
2004,668,1,1,0,2,------1,0,2.1474836E7,------2,
2007,669,1,1,0,2,------1,0,2.1474836E7,------2,
2010,670,1,1,0,2,------1,0,2.1474836E7,------2,
2013,671,1,1,0,2,------1,0,2.1474836E7,------2,
2016,672,0,1,1,2,------0,0,0.0,------1,
2019,673,0,1,0,2,------0,0,0.0,------1,
2022,674,0,1,0,2,------0,0,0.0,------1,
2025,675,0,1,0,2,------0,0,0.0,------1,
2028,676,0,1,0,2,------0,0,0.0,------1,
2031,677,0,1,0,2,------0,0,0.0,------1,
2034,678,1,1,1,2,------1,0,2.1474836E7,------2,
2037,679,1,1,0,2,------1,0,2.1474836E7,------2,
2040,680,1,1,0,2,------1,0,2.1474836E7,------2,
2043,681,1,1,0,2,------1,0,2.1474836E7,------2,
2046,682,1,1,0,2,------1,0,2.1474836E7,------2,
2049,683,1,1,0,2,------1,0,2.1474836E7,------2,
2052,684,1,1,0,2,------1,0,2.1474836E7,------2,
2055,685,1,1,0,2,------1,0,2.1474836E7,------2,
2058,686,1,1,0,2,------1,0,2.1474836E7,------2,
2061,687,1,1,0,2,------1,0,2.1474836E7,------2,
2064,688,1,1,0,2,------1,0,2.1474836E7,------2,
2067,689,1,1,0,2,------1,0,2.1474836E7,------2,
2070,690,0,1,1,2,------0,0,0.0,------1,
2073,691,0,1,0,2,------0,0,0.0,------1,
2076,692,0,1,0,2,------0,0,0.0,------1,
2079,693,0,1,0,2,------0,0,0.0,------1,
2082,694,0,1,0,2,------0,0,0.0,------1,
2085,695,0,1,0,2,------0,0,0.0,------1,
2088,696,1,1,1,2,------1,0,2.1474836E7,------2,
2091,697,1,1,0,2,------1,0,2.1474836E7,------2,
2094,698,1,1,0,2,------1,0,2.1474836E7,------2,
2097,699,1,1,0,2,------1,0,2.1474836E7,------2,
2100,700,1,1,0,2,------1,0,2.1474836E7,------2,
2103,701,1,1,0,2,------1,0,2.1474836E7,------2,
2106,702,1,1,0,2,------1,0,2.1474836E7,------2,
2109,703,1,1,0,2,------1,0,2.1474836E7,------2,
2112,704,1,1,0,2,------1,0,2.1474836E7,------2,
2115,705,1,1,0,2,------1,0,2.1474836E7,------2,
2118,706,1,1,0,2,------1,0,2.1474836E7,------2,
2121,707,1,1,0,2,------1,0,2.1474836E7,------2,
2124,708,0,1,1,2,------0,0,0.0,------1,
2127,709,0,1,0,2,------0,0,0.0,------1,
2130,710,0,1,0,2,------0,0,0.0,------1,
2133,711,0,1,0,2,------0,0,0.0,------1,
2136,712,0,1,0,2,------0,0,0.0,------1,
2139,713,0,1,0,2,------0,0,0.0,------1,
2142,714,1,1,1,2,------1,0,2.1474836E7,------2,
2145,715,1,1,0,2,------1,0,2.1474836E7,------2,
2148,716,1,1,0,2,------1,0,2.1474836E7,------2,
2151,717,1,1,0,2,------1,0,2.1474836E7,------2,
2154,718,1,1,0,2,------1,0,2.1474836E7,------2,
2157,719,1,1,0,2,------1,0,2.1474836E7,------2,
2160,720,0,1,1,2,------0,0,0.0,------1,
2163,721,0,1,0,2,------0,0,0.0,------1,
2166,722,0,1,0,2,------0,0,0.0,------1,
2169,723,0,1,0,2,------0,0,0.0,------1,
2172,724,0,1,0,2,------0,0,0.0,------1,
2175,725,0,1,0,2,------0,0,0.0,------1,
2178,726,1,1,1,2,------1,0,2.1474836E7,------2,
2181,727,1,1,0,2,------1,0,2.1474836E7,------2,
2184,728,1,1,0,2,------1,0,2.1474836E7,------2,
2187,729,1,1,0,2,------1,0,2.1474836E7,------2,
2190,730,1,1,0,2,------1,0,2.1474836E7,------2,
2193,731,1,1,0,2,------1,0,2.1474836E7,------2,
2196,732,0,1,1,2,------0,0,0.0,------1,
2199,733,0,1,0,2,------0,0,0.0,------1,
2202,734,0,1,0,2,------0,0,0.0,------1,
2205,735,0,1,0,2,------0,0,0.0,------1,
2208,736,0,1,0,2,------0,0,0.0,------1,
2211,737,0,1,0,2,------0,0,0.0,------1,
2214,738,1,1,1,2,------1,0,2.1474836E7,------2,
2217,739,1,1,0,2,------1,0,2.1474836E7,------2,
2220,740,1,1,0,2,------1,0,2.1474836E7,------2,
2223,741,1,1,0,2,------1,0,2.1474836E7,------2,
2226,742,1,1,0,2,------1,0,2.1474836E7,------2,
2229,743,1,1,0,2,------1,0,2.1474836E7,------2,
2232,744,0,1,1,2,------0,0,0.0,------1,
2235,745,0,1,0,2,------0,0,0.0,------1,
2238,746,0,1,0,2,------0,0,0.0,------1,
2241,747,0,1,0,2,------0,0,0.0,------1,
2244,748,0,1,0,2,------0,0,0.0,------1,
2247,749,0,1,0,2,------0,0,0.0,------1,
2250,750,1,1,1,2,------1,0,2.1474836E7,------2,
2253,751,1,1,0,2,------1,0,2.1474836E7,------2,
2256,752,1,1,0,2,------1,0,2.1474836E7,------2,
2259,753,1,1,0,2,------1,0,2.1474836E7,------2,
2262,754,1,1,0,2,------1,0,2.1474836E7,------2,
2265,755,1,1,0,2,------1,0,2.1474836E7,------2,
2268,756,0,1,1,2,------0,0,0.0,------1,
2271,757,0,1,0,2,------0,0,0.0,------1,
2274,758,0,1,0,2,------0,0,0.0,------1,
2277,759,0,1,0,2,------0,0,0.0,------1,
2280,760,0,1,0,2,------0,0,0.0,------1,
2283,761,0,1,0,2,------0,0,0.0,------1,
2286,762,1,1,1,2,------1,0,2.1474836E7,------2,
2289,763,1,1,0,2,------1,0,2.1474836E7,------2,
2292,764,1,1,0,2,------1,0,2.1474836E7,------2,
2295,765,1,1,0,2,------1,0,2.1474836E7,------2,
2298,766,1,1,0,2,------1,0,2.1474836E7,------2,
2301,767,1,1,0,2,------1,0,2.1474836E7,------2,
2304,768,0,1,1,2,------0,0,0.0,------1,
2307,769,0,1,0,2,------0,0,0.0,------1,
2310,770,0,1,0,2,------0,0,0.0,------1,
2313,771,0,1,0,2,------0,0,0.0,------1,
2316,772,0,1,0,2,------0,0,0.0,------1,
2319,773,0,1,0,2,------0,0,0.0,------1,
2322,774,1,1,1,2,------1,0,2.1474836E7,------2,
2325,775,1,1,0,2,------1,0,2.1474836E7,------2,
2328,776,1,1,0,2,------1,0,2.1474836E7,------2,
2331,777,1,1,0,2,------1,0,2.1474836E7,------2,
2334,778,1,1,0,2,------1,0,2.1474836E7,------2,
2337,779,1,1,0,2,------1,0,2.1474836E7,------2,
2340,780,0,1,1,2,------0,0,0.0,------1,
2343,781,0,1,0,2,------0,0,0.0,------1,
2346,782,0,1,0,2,------0,0,0.0,------1,
2349,783,0,1,0,2,------0,0,0.0,------1,
2352,784,0,1,0,2,------0,0,0.0,------1,
2355,785,0,1,0,2,------0,0,0.0,------1,
2358,786,1,1,1,2,------1,0,2.1474836E7,------2,
2361,787,1,1,0,2,------1,0,2.1474836E7,------2,
2364,788,1,1,0,2,------1,0,2.1474836E7,------2,
2367,789,1,1,0,2,------1,0,2.1474836E7,------2,
2370,790,1,1,0,2,------1,0,2.1474836E7,------2,
2373,791,1,1,0,2,------1,0,2.1474836E7,------2,
2376,792,1,1,0,2,------1,0,2.1474836E7,------2,
2379,793,1,1,0,2,------1,0,2.1474836E7,------2,
2382,794,1,1,0,2,------1,0,2.1474836E7,------2,
2385,795,1,1,0,2,------1,0,2.1474836E7,------2,
2388,796,1,1,0,2,------1,0,2.1474836E7,------2,
2391,797,1,1,0,2,------1,0,2.1474836E7,------2,
2394,798,0,1,1,2,------0,0,0.0,------1,
2397,799,0,1,0,2,------0,0,0.0,------1,
2400,800,0,1,0,2,------0,0,0.0,------1,
2403,801,0,1,0,2,------0,0,0.0,------1,
2406,802,0,1,0,2,------0,0,0.0,------1,
2409,803,0,1,0,2,------0,0,0.0,------1,
2412,804,1,1,1,2,------1,0,2.1474836E7,------2,
2415,805,1,1,0,2,------1,0,2.1474836E7,------2,
2418,806,1,1,0,2,------1,0,2.1474836E7,------2,
2421,807,1,1,0,2,------1,0,2.1474836E7,------2,
2424,808,1,1,0,2,------1,0,2.1474836E7,------2,
2427,809,1,1,0,2,------1,0,2.1474836E7,------2,
2430,810,0,1,1,2,------0,0,0.0,------1,
2433,811,0,1,0,2,------0,0,0.0,------1,
2436,812,0,1,0,2,------0,0,0.0,------1,
2439,813,0,1,0,2,------0,0,0.0,------1,
2442,814,0,1,0,2,------0,0,0.0,------1,
2445,815,0,1,0,2,------0,0,0.0,------1,
2448,816,1,1,1,2,------1,0,2.1474836E7,------2,
2451,817,1,1,0,2,------1,0,2.1474836E7,------2,
2454,818,1,1,0,2,------1,0,2.1474836E7,------2,
2457,819,1,1,0,2,------1,0,2.1474836E7,------2,
2460,820,1,1,0,2,------1,0,2.1474836E7,------2,
2463,821,1,1,0,2,------1,0,2.1474836E7,------2,
2466,822,0,1,1,2,------0,0,0.0,------1,
2469,823,0,1,0,2,------0,0,0.0,------1,
2472,824,0,1,0,2,------0,0,0.0,------1,
2475,825,0,1,0,2,------0,0,0.0,------1,
2478,826,0,1,0,2,------0,0,0.0,------1,
2481,827,0,1,0,2,------0,0,0.0,------1,
2484,828,1,1,1,2,------1,0,2.1474836E7,------2,
2487,829,1,1,0,2,------1,0,2.1474836E7,------2,
2490,830,1,1,0,2,------1,0,2.1474836E7,------2,
2493,831,1,1,0,2,------1,0,2.1474836E7,------2,
2496,832,1,1,0,2,------1,0,2.1474836E7,------2,
2499,833,1,1,0,2,------1,0,2.1474836E7,------2,
2502,834,0,1,1,2,------0,0,0.0,------1,
2505,835,0,1,0,2,------0,0,0.0,------1,
2508,836,0,1,0,2,------0,0,0.0,------1,
2511,837,0,1,0,2,------0,0,0.0,------1,
2514,838,0,1,0,2,------0,0,0.0,------1,
2517,839,0,1,0,2,------0,0,0.0,------1,
2520,840,1,1,1,2,------1,0,2.1474836E7,------2,
2523,841,1,1,0,2,------1,0,2.1474836E7,------2,
2526,842,1,1,0,2,------1,0,2.1474836E7,------2,
2529,843,1,1,0,2,------1,0,2.1474836E7,------2,
2532,844,1,1,0,2,------1,0,2.1474836E7,------2,
2535,845,1,1,0,2,------1,0,2.1474836E7,------2,
2538,846,1,1,0,2,------1,0,2.1474836E7,------2,
2541,847,1,1,0,2,------1,0,2.1474836E7,------2,
2544,848,1,1,0,2,------1,0,2.1474836E7,------2,
2547,849,1,1,0,2,------1,0,2.1474836E7,------2,
2550,850,1,1,0,2,------1,0,2.1474836E7,------2,
2553,851,1,1,0,2,------1,0,2.1474836E7,------2,
2556,852,0,1,1,2,------0,0,0.0,------1,
2559,853,0,1,0,2,------0,0,0.0,------1,
2562,854,0,1,0,2,------0,0,0.0,------1,
2565,855,0,1,0,2,------0,0,0.0,------1,
2568,856,0,1,0,2,------0,0,0.0,------1,
2571,857,0,1,0,2,------0,0,0.0,------1,
2574,858,1,1,1,2,------1,0,2.1474836E7,------2,
2577,859,1,1,0,2,------1,0,2.1474836E7,------2,
2580,860,1,1,0,2,------1,0,2.1474836E7,------2,
2583,861,1,1,0,2,------1,0,2.1474836E7,------2,
2586,862,1,1,0,2,------1,0,2.1474836E7,------2,
2589,863,1,1,0,2,------1,0,2.1474836E7,------2,
2592,864,0,1,1,2,------0,0,0.0,------1,
2595,865,0,1,0,2,------0,0,0.0,------1,
2598,866,0,1,0,2,------0,0,0.0,------1,
2601,867,0,1,0,2,------0,0,0.0,------1,
2604,868,0,1,0,2,------0,0,0.0,------1,
2607,869,0,1,0,2,------0,0,0.0,------1,
2610,870,1,1,1,2,------1,0,2.1474836E7,------2,
2613,871,1,1,0,2,------1,0,2.1474836E7,------2,
2616,872,1,1,0,2,------1,0,2.1474836E7,------2,
2619,873,1,1,0,2,------1,0,2.1474836E7,------2,
2622,874,1,1,0,2,------1,0,2.1474836E7,------2,
2625,875,1,1,0,2,------1,0,2.1474836E7,------2,
2628,876,1,1,0,2,------1,0,2.1474836E7,------2,
2631,877,1,1,0,2,------1,0,2.1474836E7,------2,
2634,878,1,1,0,2,------1,0,2.1474836E7,------2,
2637,879,1,1,0,2,------1,0,2.1474836E7,------2,
2640,880,1,1,0,2,------1,0,2.1474836E7,------2,
2643,881,1,1,0,2,------1,0,2.1474836E7,------2,
2646,882,0,1,1,2,------0,0,0.0,------1,
2649,883,0,1,0,2,------0,0,0.0,------1,
2652,884,0,1,0,2,------0,0,0.0,------1,
2655,885,0,1,0,2,------0,0,0.0,------1,
2658,886,0,1,0,2,------0,0,0.0,------1,
2661,887,0,1,0,2,------0,0,0.0,------1,
2664,888,1,1,1,2,------1,0,2.1474836E7,------2,
2667,889,1,1,0,2,------1,0,2.1474836E7,------2,
2670,890,1,1,0,2,------1,0,2.1474836E7,------2,
2673,891,1,1,0,2,------1,0,2.1474836E7,------2,
2676,892,1,1,0,2,------1,0,2.1474836E7,------2,
2679,893,1,1,0,2,------1,0,2.1474836E7,------2,
2682,894,1,1,0,2,------1,0,2.1474836E7,------2,
2685,895,1,1,0,2,------1,0,2.1474836E7,------2,
2688,896,1,1,0,2,------1,0,2.1474836E7,------2,
2691,897,1,1,0,2,------1,0,2.1474836E7,------2,
2694,898,1,1,0,2,------1,0,2.1474836E7,------2,
2697,899,1,1,0,2,------1,0,2.1474836E7,------2,
2700,900,0,1,1,2,------0,0,0.0,------1,
2703,901,0,1,0,2,------0,0,0.0,------1,
2706,902,0,1,0,2,------0,0,0.0,------1,
2709,903,0,1,0,2,------0,0,0.0,------1,
2712,904,0,1,0,2,------0,0,0.0,------1,
2715,905,0,1,0,2,------0,0,0.0,------1,
2718,906,1,1,1,2,------1,0,2.1474836E7,------2,
2721,907,1,1,0,2,------1,0,2.1474836E7,------2,
2724,908,1,1,0,2,------1,0,2.1474836E7,------2,
2727,909,1,1,0,2,------1,0,2.1474836E7,------2,
2730,910,1,1,0,2,------1,0,2.1474836E7,------2,
2733,911,1,1,0,2,------1,0,2.1474836E7,------2,
2736,912,1,1,0,2,------1,0,2.1474836E7,------2,
2739,913,1,1,0,2,------1,0,2.1474836E7,------2,
2742,914,1,1,0,2,------1,0,2.1474836E7,------2,
2745,915,1,1,0,2,------1,0,2.1474836E7,------2,
2748,916,1,1,0,2,------1,0,2.1474836E7,------2,
2751,917,1,1,0,2,------1,0,2.1474836E7,------2,
2754,918,0,1,1,2,------0,0,0.0,------1,
2757,919,0,1,0,2,------0,0,0.0,------1,
2760,920,0,1,0,2,------0,0,0.0,------1,
2763,921,0,1,0,2,------0,0,0.0,------1,
2766,922,0,1,0,2,------0,0,0.0,------1,
2769,923,0,1,0,2,------0,0,0.0,------1,
2772,924,1,1,1,2,------1,0,2.1474836E7,------2,
2775,925,1,1,0,2,------1,0,2.1474836E7,------2,
2778,926,1,1,0,2,------1,0,2.1474836E7,------2,
2781,927,1,1,0,2,------1,0,2.1474836E7,------2,
2784,928,1,1,0,2,------1,0,2.1474836E7,------2,
2787,929,1,1,0,2,------1,0,2.1474836E7,------2,
2790,930,0,1,1,2,------0,0,0.0,------1,
2793,931,0,1,0,2,------0,0,0.0,------1,
2796,932,0,1,0,2,------0,0,0.0,------1,
2799,933,0,1,0,2,------0,0,0.0,------1,
2802,934,0,1,0,2,------0,0,0.0,------1,
2805,935,0,1,0,2,------0,0,0.0,------1,
2808,936,1,1,1,2,------1,0,2.1474836E7,------2,
2811,937,1,1,0,2,------1,0,2.1474836E7,------2,
2814,938,1,1,0,2,------1,0,2.1474836E7,------2,
2817,939,1,1,0,2,------1,0,2.1474836E7,------2,
2820,940,1,1,0,2,------1,0,2.1474836E7,------2,
2823,941,1,1,0,2,------1,0,2.1474836E7,------2,
2826,942,0,1,1,2,------0,0,0.0,------1,
2829,943,0,1,0,2,------0,0,0.0,------1,
2832,944,0,1,0,2,------0,0,0.0,------1,
2835,945,0,1,0,2,------0,0,0.0,------1,
2838,946,0,1,0,2,------0,0,0.0,------1,
2841,947,0,1,0,2,------0,0,0.0,------1,
2844,948,1,1,1,2,------1,0,2.1474836E7,------2,
2847,949,1,1,0,2,------1,0,2.1474836E7,------2,
2850,950,1,1,0,2,------1,0,2.1474836E7,------2,
2853,951,1,1,0,2,------1,0,2.1474836E7,------2,
2856,952,1,1,0,2,------1,0,2.1474836E7,------2,
2859,953,1,1,0,2,------1,0,2.1474836E7,------2,
2862,954,0,1,1,2,------0,0,0.0,------1,
2865,955,0,1,0,2,------0,0,0.0,------1,
2868,956,0,1,0,2,------0,0,0.0,------1,
2871,957,0,1,0,2,------0,0,0.0,------1,
2874,958,0,1,0,2,------0,0,0.0,------1,
2877,959,0,1,0,2,------0,0,0.0,------1,
2880,960,1,1,1,2,------1,0,2.1474836E7,------2,
2883,961,1,1,0,2,------1,0,2.1474836E7,------2,
2886,962,1,1,0,2,------1,0,2.1474836E7,------2,
2889,963,1,1,0,2,------1,0,2.1474836E7,------2,
2892,964,1,1,0,2,------1,0,2.1474836E7,------2,
2895,965,1,1,0,2,------1,0,2.1474836E7,------2,
2898,966,0,1,1,2,------0,0,0.0,------1,
2901,967,0,1,0,2,------0,0,0.0,------1,
2904,968,0,1,0,2,------0,0,0.0,------1,
2907,969,0,1,0,2,------0,0,0.0,------1,
2910,970,0,1,0,2,------0,0,0.0,------1,
2913,971,0,1,0,2,------0,0,0.0,------1,
2916,972,1,1,1,2,------1,0,2.1474836E7,------2,
2919,973,1,1,0,2,------1,0,2.1474836E7,------2,
2922,974,1,1,0,2,------1,0,2.1474836E7,------2,
2925,975,1,1,0,2,------1,0,2.1474836E7,------2,
2928,976,1,1,0,2,------1,0,2.1474836E7,------2,
2931,977,1,1,0,2,------1,0,2.1474836E7,------2,
2934,978,0,1,1,2,------0,0,0.0,------1,
2937,979,0,1,0,2,------0,0,0.0,------1,
2940,980,0,1,0,2,------0,0,0.0,------1,
2943,981,0,1,0,2,------0,0,0.0,------1,
2946,982,0,1,0,2,------0,0,0.0,------1,
2949,983,0,1,0,2,------0,0,0.0,------1,
2952,984,1,1,1,2,------1,0,2.1474836E7,------2,
2955,985,1,1,0,2,------1,0,2.1474836E7,------2,
2958,986,1,1,0,2,------1,0,2.1474836E7,------2,
2961,987,1,1,0,2,------1,0,2.1474836E7,------2,
2964,988,1,1,0,2,------1,0,2.1474836E7,------2,
2967,989,1,1,0,2,------1,0,2.1474836E7,------2,
2970,990,0,1,1,2,------0,0,0.0,------1,
2973,991,0,1,0,2,------0,0,0.0,------1,
2976,992,0,1,0,2,------0,0,0.0,------1,
2979,993,0,1,0,2,------0,0,0.0,------1,
2982,994,0,1,0,2,------0,0,0.0,------1,
2985,995,0,1,0,2,------0,0,0.0,------1,
2988,996,1,1,1,2,------1,0,2.1474836E7,------2,
2991,997,1,1,0,2,------1,0,2.1474836E7,------2,
2994,998,1,1,0,2,------1,0,2.1474836E7,------2,
2997,999,1,1,0,2,------1,0,2.1474836E7,------2,
3000,1000,1,1,0,2,------1,0,2.1474836E7,------2,
3003,1001,1,1,0,2,------1,0,2.1474836E7,------2,
3006,1002,1,1,0,2,------1,0,2.1474836E7,------2,
3009,1003,1,1,0,2,------1,0,2.1474836E7,------2,
3012,1004,1,1,0,2,------1,0,2.1474836E7,------2,
3015,1005,1,1,0,2,------1,0,2.1474836E7,------2,
3018,1006,1,1,0,2,------1,0,2.1474836E7,------2,
3021,1007,1,1,0,2,------1,0,2.1474836E7,------2,
3024,1008,0,1,1,2,------0,0,0.0,------1,
3027,1009,0,1,0,2,------0,0,0.0,------1,
3030,1010,0,1,0,2,------0,0,0.0,------1,
3033,1011,0,1,0,2,------0,0,0.0,------1,
3036,1012,0,1,0,2,------0,0,0.0,------1,
3039,1013,0,1,0,2,------0,0,0.0,------1,
3042,1014,1,1,1,2,------1,0,2.1474836E7,------2,
3045,1015,1,1,0,2,------1,0,2.1474836E7,------2,
3048,1016,1,1,0,2,------1,0,2.1474836E7,------2,
3051,1017,1,1,0,2,------1,0,2.1474836E7,------2,
3054,1018,1,1,0,2,------1,0,2.1474836E7,------2,
3057,1019,1,1,0,2,------1,0,2.1474836E7,------2,
3060,1020,0,1,1,2,------0,0,0.0,------1,
3063,1021,0,1,0,2,------0,0,0.0,------1,
3066,1022,0,1,0,2,------0,0,0.0,------1,
3069,1023,0,1,0,2,------0,0,0.0,------1,
3072,1024,0,1,0,2,------0,0,0.0,------1,
3075,1025,0,1,0,2,------0,0,0.0,------1,
3078,1026,1,1,1,2,------1,0,2.1474836E7,------2,
3081,1027,1,1,0,2,------1,0,2.1474836E7,------2,
3084,1028,1,1,0,2,------1,0,2.1474836E7,------2,
3087,1029,1,1,0,2,------1,0,2.1474836E7,------2,
3090,1030,1,1,0,2,------1,0,2.1474836E7,------2,
3093,1031,1,1,0,2,------1,0,2.1474836E7,------2,
3096,1032,0,1,1,2,------0,0,0.0,------1,
3099,1033,0,1,0,2,------0,0,0.0,------1,
3102,1034,0,1,0,2,------0,0,0.0,------1,
3105,1035,0,1,0,2,------0,0,0.0,------1,
3108,1036,0,1,0,2,------0,0,0.0,------1,
3111,1037,0,1,0,2,------0,0,0.0,------1,
3114,1038,1,1,1,2,------1,0,2.1474836E7,------2,
3117,1039,1,1,0,2,------1,0,2.1474836E7,------2,
3120,1040,1,1,0,2,------1,0,2.1474836E7,------2,
3123,1041,1,1,0,2,------1,0,2.1474836E7,------2,
3126,1042,1,1,0,2,------1,0,2.1474836E7,------2,
3129,1043,1,1,0,2,------1,0,2.1474836E7,------2,
3132,1044,0,1,1,2,------0,0,0.0,------1,
3135,1045,0,1,0,2,------0,0,0.0,------1,
3138,1046,0,1,0,2,------0,0,0.0,------1,
3141,1047,0,1,0,2,------0,0,0.0,------1,
3144,1048,0,1,0,2,------0,0,0.0,------1,
3147,1049,0,1,0,2,------0,0,0.0,------1,
3150,1050,1,1,1,2,------1,0,2.1474836E7,------2,
3153,1051,1,1,0,2,------1,0,2.1474836E7,------2,
3156,1052,1,1,0,2,------1,0,2.1474836E7,------2,
3159,1053,1,1,0,2,------1,0,2.1474836E7,------2,
3162,1054,1,1,0,2,------1,0,2.1474836E7,------2,
3165,1055,1,1,0,2,------1,0,2.1474836E7,------2,
3168,1056,1,1,0,2,------1,0,2.1474836E7,------2,
3171,1057,1,1,0,2,------1,0,2.1474836E7,------2,
3174,1058,1,1,0,2,------1,0,2.1474836E7,------2,
3177,1059,1,1,0,2,------1,0,2.1474836E7,------2,
3180,1060,1,1,0,2,------1,0,2.1474836E7,------2,
3183,1061,1,1,0,2,------1,0,2.1474836E7,------2,
3186,1062,0,1,1,2,------0,0,0.0,------1,
3189,1063,0,1,0,2,------0,0,0.0,------1,
3192,1064,0,1,0,2,------0,0,0.0,------1,
3195,1065,0,1,0,2,------0,0,0.0,------1,
3198,1066,0,1,0,2,------0,0,0.0,------1,
3201,1067,0,1,0,2,------0,0,0.0,------1,
3204,1068,1,1,1,2,------1,0,2.1474836E7,------2,
3207,1069,1,1,0,2,------1,0,2.1474836E7,------2,
3210,1070,1,1,0,2,------1,0,2.1474836E7,------2,
3213,1071,1,1,0,2,------1,0,2.1474836E7,------2,
3216,1072,1,1,0,2,------1,0,2.1474836E7,------2,
3219,1073,1,1,0,2,------1,0,2.1474836E7,------2,
3222,1074,0,1,1,2,------0,0,0.0,------1,
3225,1075,0,1,0,2,------0,0,0.0,------1,
3228,1076,0,1,0,2,------0,0,0.0,------1,
3231,1077,0,1,0,2,------0,0,0.0,------1,
3234,1078,0,1,0,2,------0,0,0.0,------1,
3237,1079,0,1,0,2,------0,0,0.0,------1,
3240,1080,1,1,1,2,------1,0,2.1474836E7,------2,
3243,1081,1,1,0,2,------1,0,2.1474836E7,------2,
3246,1082,1,1,0,2,------1,0,2.1474836E7,------2,
3249,1083,1,1,0,2,------1,0,2.1474836E7,------2,
3252,1084,1,1,0,2,------1,0,2.1474836E7,------2,
3255,1085,1,1,0,2,------1,0,2.1474836E7,------2,
3258,1086,1,1,0,2,------1,0,2.1474836E7,------2,
3261,1087,1,1,0,2,------1,0,2.1474836E7,------2,
3264,1088,1,1,0,2,------1,0,2.1474836E7,------2,
3267,1089,1,1,0,2,------1,0,2.1474836E7,------2,
3270,1090,1,1,0,2,------1,0,2.1474836E7,------2,
3273,1091,1,1,0,2,------1,0,2.1474836E7,------2,
3276,1092,0,1,1,2,------0,0,0.0,------1,
3279,1093,0,1,0,2,------0,0,0.0,------1,
3282,1094,0,1,0,2,------0,0,0.0,------1,
3285,1095,0,1,0,2,------0,0,0.0,------1,
3288,1096,0,1,0,2,------0,0,0.0,------1,
3291,1097,0,1,0,2,------0,0,0.0,------1,
3294,1098,1,1,1,2,------1,0,2.1474836E7,------2,
3297,1099,1,1,0,2,------1,0,2.1474836E7,------2,
3300,1100,1,1,0,2,------1,0,2.1474836E7,------2,
3303,1101,1,1,0,2,------1,0,2.1474836E7,------2,
3306,1102,1,1,0,2,------1,0,2.1474836E7,------2,
3309,1103,1,1,0,2,------1,0,2.1474836E7,------2,
3312,1104,1,1,0,2,------1,0,2.1474836E7,------2,
3315,1105,1,1,0,2,------1,0,2.1474836E7,------2,
3318,1106,1,1,0,2,------1,0,2.1474836E7,------2,
3321,1107,1,1,0,2,------1,0,2.1474836E7,------2,
3324,1108,1,1,0,2,------1,0,2.1474836E7,------2,
3327,1109,1,1,0,2,------1,0,2.1474836E7,------2,
3330,1110,0,1,1,2,------0,0,0.0,------1,
3333,1111,0,1,0,2,------0,0,0.0,------1,
3336,1112,0,1,0,2,------0,0,0.0,------1,
3339,1113,0,1,0,2,------0,0,0.0,------1,
3342,1114,0,1,0,2,------0,0,0.0,------1,
3345,1115,0,1,0,2,------0,0,0.0,------1,
3348,1116,1,1,1,2,------1,0,2.1474836E7,------2,
3351,1117,1,1,0,2,------1,0,2.1474836E7,------2,
3354,1118,1,1,0,2,------1,0,2.1474836E7,------2,
3357,1119,1,1,0,2,------1,0,2.1474836E7,------2,
3360,1120,1,1,0,2,------1,0,2.1474836E7,------2,
3363,1121,1,1,0,2,------1,0,2.1474836E7,------2,
3366,1122,1,1,0,2,------1,0,2.1474836E7,------2,
3369,1123,1,1,0,2,------1,0,2.1474836E7,------2,
3372,1124,1,1,0,2,------1,0,2.1474836E7,------2,
3375,1125,1,1,0,2,------1,0,2.1474836E7,------2,
3378,1126,1,1,0,2,------1,0,2.1474836E7,------2,
3381,1127,1,1,0,2,------1,0,2.1474836E7,------2,
3384,1128,0,1,1,2,------0,0,0.0,------1,
3387,1129,0,1,0,2,------0,0,0.0,------1,
3390,1130,0,1,0,2,------0,0,0.0,------1,
3393,1131,0,1,0,2,------0,0,0.0,------1,
3396,1132,0,1,0,2,------0,0,0.0,------1,
3399,1133,0,1,0,2,------0,0,0.0,------1,
3402,1134,1,1,1,2,------1,0,2.1474836E7,------2,
3405,1135,1,1,0,2,------1,0,2.1474836E7,------2,
3408,1136,1,1,0,2,------1,0,2.1474836E7,------2,
3411,1137,1,1,0,2,------1,0,2.1474836E7,------2,
3414,1138,1,1,0,2,------1,0,2.1474836E7,------2,
3417,1139,1,1,0,2,------1,0,2.1474836E7,------2,
3420,1140,0,1,1,2,------0,0,0.0,------1,
3423,1141,0,1,0,2,------0,0,0.0,------1,
3426,1142,0,1,0,2,------0,0,0.0,------1,
3429,1143,0,1,0,2,------0,0,0.0,------1,
3432,1144,0,1,0,2,------0,0,0.0,------1,
3435,1145,0,1,0,2,------0,0,0.0,------1,
3438,1146,1,1,1,2,------1,0,2.1474836E7,------2,
3441,1147,1,1,0,2,------1,0,2.1474836E7,------2,
3444,1148,1,1,0,2,------1,0,2.1474836E7,------2,
3447,1149,1,1,0,2,------1,0,2.1474836E7,------2,
3450,1150,1,1,0,2,------1,0,2.1474836E7,------2,
3453,1151,1,1,0,2,------1,0,2.1474836E7,------2,
3456,1152,0,1,1,2,------0,0,0.0,------1,
3459,1153,0,1,0,2,------0,0,0.0,------1,
3462,1154,0,1,0,2,------0,0,0.0,------1,
3465,1155,0,1,0,2,------0,0,0.0,------1,
3468,1156,0,1,0,2,------0,0,0.0,------1,
3471,1157,0,1,0,2,------0,0,0.0,------1,
3474,1158,1,1,1,2,------1,0,2.1474836E7,------2,
3477,1159,1,1,0,2,------1,0,2.1474836E7,------2,
3480,1160,1,1,0,2,------1,0,2.1474836E7,------2,
3483,1161,1,1,0,2,------1,0,2.1474836E7,------2,
3486,1162,1,1,0,2,------1,0,2.1474836E7,------2,
3489,1163,1,1,0,2,------1,0,2.1474836E7,------2,
3492,1164,0,1,1,2,------0,0,0.0,------1,
3495,1165,0,1,0,2,------0,0,0.0,------1,
3498,1166,0,1,0,2,------0,0,0.0,------1,
3501,1167,0,1,0,2,------0,0,0.0,------1,
3504,1168,0,1,0,2,------0,0,0.0,------1,
3507,1169,0,1,0,2,------0,0,0.0,------1,
3510,1170,1,1,1,2,------1,0,2.1474836E7,------2,
3513,1171,1,1,0,2,------1,0,2.1474836E7,------2,
3516,1172,1,1,0,2,------1,0,2.1474836E7,------2,
3519,1173,1,1,0,2,------1,0,2.1474836E7,------2,
3522,1174,1,1,0,2,------1,0,2.1474836E7,------2,
3525,1175,1,1,0,2,------1,0,2.1474836E7,------2,
3528,1176,0,1,1,2,------0,0,0.0,------1,
3531,1177,0,1,0,2,------0,0,0.0,------1,
3534,1178,0,1,0,2,------0,0,0.0,------1,
