L2A0-->Columns Header:, LevelCount, AutomataStep, AggregateState, Goal, StateDifference, DiversityCounter, LiveCellsCount, LiveCellsArea, LiveCellsDensity, StateId
3,1,0,1,0,1,------0,0,0.0,------1,
6,2,0,1,0,1,------0,0,0.0,------1,
9,3,0,1,0,1,------0,0,0.0,------1,
12,4,0,1,0,1,------0,0,0.0,------1,
15,5,0,1,0,1,------0,0,0.0,------1,
18,6,0,1,0,1,------0,0,0.0,------1,
21,7,0,1,0,1,------0,0,0.0,------1,
24,8,1,1,1,2,------1,0,2.1474836E7,------2,
27,9,1,1,0,2,------1,0,2.1474836E7,------2,
30,10,0,1,1,2,------0,0,0.0,------1,
33,11,0,1,0,2,------0,0,0.0,------1,
36,12,1,1,1,2,------1,0,2.1474836E7,------2,
39,13,1,1,0,2,------1,0,2.1474836E7,------2,
42,14,1,1,0,2,------1,0,2.1474836E7,------2,
45,15,1,1,0,2,------1,0,2.1474836E7,------2,
48,16,1,1,0,2,------1,0,2.1474836E7,------2,
51,17,1,1,0,2,------1,0,2.1474836E7,------2,
54,18,1,1,0,2,------1,0,2.1474836E7,------2,
57,19,1,1,0,2,------1,0,2.1474836E7,------2,
60,20,1,1,0,2,------1,0,2.1474836E7,------2,
