L0A32-->Columns Header:, LevelCount, AutomataStep, AggregateState, Goal, StateDifference, DiversityCounter, LiveCellsCount, LiveCellsArea, LiveCellsDensity, StateId
1,1,0,1,0,1,------5,9,0.56,------1,
4,2,0,1,4,2,------9,25,0.36,------2,
7,3,0,1,12,3,------21,49,0.43,------3,
10,4,0,1,8,4,------29,81,0.36,------4,
13,5,0,1,12,5,------41,121,0.34,------5,
16,6,1,1,12,6,------53,169,0.31,------6,
19,7,1,1,36,7,------89,225,0.4,------7,
22,8,1,1,28,8,------117,289,0.4,------8,
25,9,1,1,12,9,------129,361,0.36,------9,
28,10,1,1,12,10,------141,441,0.32,------10,
31,11,1,0,52,11,------89,289,0.31,------11,
34,12,1,0,28,12,------61,121,0.5,------12,
37,13,0,0,20,13,------41,81,0.51,------13,
40,14,0,0,16,14,------25,49,0.51,------14,
43,15,0,1,4,14,------29,81,0.36,------4,
46,16,0,1,12,14,------41,121,0.34,------5,
49,17,1,1,12,14,------53,169,0.31,------6,
52,18,1,1,36,14,------89,225,0.4,------7,
55,19,0,0,60,15,------29,169,0.17,------15,
58,20,0,0,24,15,------5,9,0.56,------1,
61,21,0,0,4,16,------1,1,1.0,------16,
64,22,0,0,1,17,------0,0,0.0,------17,
67,23,0,1,0,17,------0,0,0.0,------17,
70,24,0,1,0,17,------0,0,0.0,------17,
73,25,0,1,0,17,------0,0,0.0,------17,
76,26,0,1,0,17,------0,0,0.0,------17,
79,27,0,0,0,17,------0,0,0.0,------17,
82,28,0,0,0,17,------0,0,0.0,------17,
85,29,0,0,0,17,------0,0,0.0,------17,
88,30,0,0,0,17,------0,0,0.0,------17,
91,31,0,1,0,17,------0,0,0.0,------17,
94,32,0,1,0,17,------0,0,0.0,------17,
97,33,0,1,0,17,------0,0,0.0,------17,
100,34,0,1,0,17,------0,0,0.0,------17,
103,35,0,0,0,17,------0,0,0.0,------17,
106,36,0,0,0,17,------0,0,0.0,------17,
109,37,0,0,0,17,------0,0,0.0,------17,
112,38,0,0,0,17,------0,0,0.0,------17,
115,39,0,1,0,17,------0,0,0.0,------17,
118,40,0,1,0,17,------0,0,0.0,------17,
121,41,0,1,0,17,------0,0,0.0,------17,
124,42,0,1,0,17,------0,0,0.0,------17,
127,43,0,0,0,17,------0,0,0.0,------17,
130,44,0,0,0,17,------0,0,0.0,------17,
133,45,0,0,0,17,------0,0,0.0,------17,
136,46,0,0,0,17,------0,0,0.0,------17,
139,47,0,1,0,17,------0,0,0.0,------17,
142,48,0,1,0,17,------0,0,0.0,------17,
145,49,0,1,0,17,------0,0,0.0,------17,
148,50,0,1,0,17,------0,0,0.0,------17,
151,51,0,0,0,17,------0,0,0.0,------17,
154,52,0,0,0,17,------0,0,0.0,------17,
157,53,0,0,0,17,------0,0,0.0,------17,
160,54,0,0,0,17,------0,0,0.0,------17,
163,55,0,1,0,17,------0,0,0.0,------17,
166,56,0,1,0,17,------0,0,0.0,------17,
169,57,0,1,0,17,------0,0,0.0,------17,
172,58,0,1,0,17,------0,0,0.0,------17,
175,59,0,0,0,17,------0,0,0.0,------17,
178,60,0,0,0,17,------0,0,0.0,------17,
181,61,0,0,0,17,------0,0,0.0,------17,
184,62,0,0,0,17,------0,0,0.0,------17,
187,63,0,1,0,17,------0,0,0.0,------17,
190,64,0,1,0,17,------0,0,0.0,------17,
193,65,0,1,0,17,------0,0,0.0,------17,
196,66,0,1,0,17,------0,0,0.0,------17,
199,67,0,0,0,17,------0,0,0.0,------17,
202,68,0,0,0,17,------0,0,0.0,------17,
205,69,0,0,0,17,------0,0,0.0,------17,
208,70,0,0,0,17,------0,0,0.0,------17,
211,71,0,1,0,17,------0,0,0.0,------17,
214,72,0,1,0,17,------0,0,0.0,------17,
217,73,0,1,0,17,------0,0,0.0,------17,
220,74,0,1,0,17,------0,0,0.0,------17,
223,75,0,0,0,17,------0,0,0.0,------17,
226,76,0,0,0,17,------0,0,0.0,------17,
229,77,0,0,0,17,------0,0,0.0,------17,
232,78,0,0,0,17,------0,0,0.0,------17,
235,79,0,1,0,17,------0,0,0.0,------17,
238,80,0,1,0,17,------0,0,0.0,------17,
241,81,0,1,0,17,------0,0,0.0,------17,
244,82,0,1,0,17,------0,0,0.0,------17,
247,83,0,0,0,17,------0,0,0.0,------17,
250,84,0,0,0,17,------0,0,0.0,------17,
253,85,0,0,0,17,------0,0,0.0,------17,
256,86,0,0,0,17,------0,0,0.0,------17,
259,87,0,1,0,17,------0,0,0.0,------17,
262,88,0,1,0,17,------0,0,0.0,------17,
265,89,0,1,0,17,------0,0,0.0,------17,
268,90,0,1,0,17,------0,0,0.0,------17,
271,91,0,0,0,17,------0,0,0.0,------17,
274,92,0,0,0,17,------0,0,0.0,------17,
277,93,0,0,0,17,------0,0,0.0,------17,
280,94,0,0,0,17,------0,0,0.0,------17,
283,95,0,1,0,17,------0,0,0.0,------17,
286,96,0,1,0,17,------0,0,0.0,------17,
289,97,0,1,0,17,------0,0,0.0,------17,
292,98,0,1,0,17,------0,0,0.0,------17,
295,99,0,0,0,17,------0,0,0.0,------17,
298,100,0,0,0,17,------0,0,0.0,------17,
301,101,0,0,0,17,------0,0,0.0,------17,
304,102,0,0,0,17,------0,0,0.0,------17,
307,103,0,1,0,17,------0,0,0.0,------17,
310,104,0,1,0,17,------0,0,0.0,------17,
313,105,0,1,0,17,------0,0,0.0,------17,
316,106,0,1,0,17,------0,0,0.0,------17,
319,107,0,0,0,17,------0,0,0.0,------17,
322,108,0,0,0,17,------0,0,0.0,------17,
325,109,0,0,0,17,------0,0,0.0,------17,
328,110,0,0,0,17,------0,0,0.0,------17,
331,111,0,1,0,17,------0,0,0.0,------17,
334,112,0,1,0,17,------0,0,0.0,------17,
337,113,0,1,0,17,------0,0,0.0,------17,
340,114,0,1,0,17,------0,0,0.0,------17,
343,115,0,0,0,17,------0,0,0.0,------17,
346,116,0,0,0,17,------0,0,0.0,------17,
349,117,0,0,0,17,------0,0,0.0,------17,
352,118,0,0,0,17,------0,0,0.0,------17,
355,119,0,1,0,17,------0,0,0.0,------17,
358,120,0,1,0,17,------0,0,0.0,------17,
361,121,0,1,0,17,------0,0,0.0,------17,
364,122,0,1,0,17,------0,0,0.0,------17,
367,123,0,0,0,17,------0,0,0.0,------17,
370,124,0,0,0,17,------0,0,0.0,------17,
373,125,0,0,0,17,------0,0,0.0,------17,
376,126,0,0,0,17,------0,0,0.0,------17,
379,127,0,1,0,17,------0,0,0.0,------17,
382,128,0,1,0,17,------0,0,0.0,------17,
385,129,0,1,0,17,------0,0,0.0,------17,
388,130,0,1,0,17,------0,0,0.0,------17,
391,131,0,0,0,17,------0,0,0.0,------17,
394,132,0,0,0,17,------0,0,0.0,------17,
397,133,0,0,0,17,------0,0,0.0,------17,
400,134,0,0,0,17,------0,0,0.0,------17,
403,135,0,1,0,17,------0,0,0.0,------17,
406,136,0,1,0,17,------0,0,0.0,------17,
409,137,0,1,0,17,------0,0,0.0,------17,
412,138,0,1,0,17,------0,0,0.0,------17,
415,139,0,0,0,17,------0,0,0.0,------17,
418,140,0,0,0,17,------0,0,0.0,------17,
421,141,0,0,0,17,------0,0,0.0,------17,
424,142,0,0,0,17,------0,0,0.0,------17,
427,143,0,1,0,17,------0,0,0.0,------17,
430,144,0,1,0,17,------0,0,0.0,------17,
433,145,0,1,0,17,------0,0,0.0,------17,
436,146,0,1,0,17,------0,0,0.0,------17,
439,147,0,0,0,17,------0,0,0.0,------17,
442,148,0,0,0,17,------0,0,0.0,------17,
445,149,0,0,0,17,------0,0,0.0,------17,
448,150,0,0,0,17,------0,0,0.0,------17,
451,151,0,1,0,17,------0,0,0.0,------17,
454,152,0,1,0,17,------0,0,0.0,------17,
457,153,0,1,0,17,------0,0,0.0,------17,
460,154,0,1,0,17,------0,0,0.0,------17,
463,155,0,0,0,17,------0,0,0.0,------17,
466,156,0,0,0,17,------0,0,0.0,------17,
469,157,0,0,0,17,------0,0,0.0,------17,
472,158,0,0,0,17,------0,0,0.0,------17,
475,159,0,1,0,17,------0,0,0.0,------17,
478,160,0,1,0,17,------0,0,0.0,------17,
481,161,0,1,0,17,------0,0,0.0,------17,
484,162,0,1,0,17,------0,0,0.0,------17,
487,163,0,0,0,17,------0,0,0.0,------17,
490,164,0,0,0,17,------0,0,0.0,------17,
493,165,0,0,0,17,------0,0,0.0,------17,
496,166,0,0,0,17,------0,0,0.0,------17,
499,167,0,1,0,17,------0,0,0.0,------17,
502,168,0,1,0,17,------0,0,0.0,------17,
505,169,0,1,0,17,------0,0,0.0,------17,
508,170,0,1,0,17,------0,0,0.0,------17,
511,171,0,0,0,17,------0,0,0.0,------17,
514,172,0,0,0,17,------0,0,0.0,------17,
517,173,0,0,0,17,------0,0,0.0,------17,
520,174,0,0,0,17,------0,0,0.0,------17,
523,175,0,1,0,17,------0,0,0.0,------17,
526,176,0,1,0,17,------0,0,0.0,------17,
529,177,0,1,0,17,------0,0,0.0,------17,
532,178,0,1,0,17,------0,0,0.0,------17,
535,179,0,0,0,17,------0,0,0.0,------17,
538,180,0,0,0,17,------0,0,0.0,------17,
541,181,0,0,0,17,------0,0,0.0,------17,
544,182,0,0,0,17,------0,0,0.0,------17,
547,183,0,1,0,17,------0,0,0.0,------17,
550,184,0,1,0,17,------0,0,0.0,------17,
553,185,0,1,0,17,------0,0,0.0,------17,
556,186,0,1,0,17,------0,0,0.0,------17,
559,187,0,0,0,17,------0,0,0.0,------17,
562,188,0,0,0,17,------0,0,0.0,------17,
565,189,0,0,0,17,------0,0,0.0,------17,
568,190,0,0,0,17,------0,0,0.0,------17,
571,191,0,1,0,17,------0,0,0.0,------17,
574,192,0,1,0,17,------0,0,0.0,------17,
577,193,0,1,0,17,------0,0,0.0,------17,
580,194,0,1,0,17,------0,0,0.0,------17,
583,195,0,0,0,17,------0,0,0.0,------17,
586,196,0,0,0,17,------0,0,0.0,------17,
589,197,0,0,0,17,------0,0,0.0,------17,
592,198,0,0,0,17,------0,0,0.0,------17,
595,199,0,1,0,17,------0,0,0.0,------17,
598,200,0,1,0,17,------0,0,0.0,------17,
601,201,0,1,0,17,------0,0,0.0,------17,
604,202,0,1,0,17,------0,0,0.0,------17,
607,203,0,0,0,17,------0,0,0.0,------17,
610,204,0,0,0,17,------0,0,0.0,------17,
613,205,0,0,0,17,------0,0,0.0,------17,
616,206,0,0,0,17,------0,0,0.0,------17,
619,207,0,1,0,17,------0,0,0.0,------17,
622,208,0,1,0,17,------0,0,0.0,------17,
625,209,0,1,0,17,------0,0,0.0,------17,
628,210,0,1,0,17,------0,0,0.0,------17,
631,211,0,0,0,17,------0,0,0.0,------17,
634,212,0,0,0,17,------0,0,0.0,------17,
637,213,0,0,0,17,------0,0,0.0,------17,
640,214,0,0,0,17,------0,0,0.0,------17,
643,215,0,1,0,17,------0,0,0.0,------17,
646,216,0,1,0,17,------0,0,0.0,------17,
649,217,0,1,0,17,------0,0,0.0,------17,
652,218,0,1,0,17,------0,0,0.0,------17,
655,219,0,0,0,17,------0,0,0.0,------17,
658,220,0,0,0,17,------0,0,0.0,------17,
661,221,0,0,0,17,------0,0,0.0,------17,
664,222,0,0,0,17,------0,0,0.0,------17,
667,223,0,1,0,17,------0,0,0.0,------17,
670,224,0,1,0,17,------0,0,0.0,------17,
673,225,0,1,0,17,------0,0,0.0,------17,
676,226,0,1,0,17,------0,0,0.0,------17,
679,227,0,0,0,17,------0,0,0.0,------17,
682,228,0,0,0,17,------0,0,0.0,------17,
685,229,0,0,0,17,------0,0,0.0,------17,
688,230,0,0,0,17,------0,0,0.0,------17,
691,231,0,1,0,17,------0,0,0.0,------17,
694,232,0,1,0,17,------0,0,0.0,------17,
697,233,0,1,0,17,------0,0,0.0,------17,
700,234,0,1,0,17,------0,0,0.0,------17,
703,235,0,0,0,17,------0,0,0.0,------17,
706,236,0,0,0,17,------0,0,0.0,------17,
709,237,0,0,0,17,------0,0,0.0,------17,
712,238,0,0,0,17,------0,0,0.0,------17,
715,239,0,1,0,17,------0,0,0.0,------17,
718,240,0,1,0,17,------0,0,0.0,------17,
721,241,0,1,0,17,------0,0,0.0,------17,
724,242,0,1,0,17,------0,0,0.0,------17,
727,243,0,0,0,17,------0,0,0.0,------17,
730,244,0,0,0,17,------0,0,0.0,------17,
733,245,0,0,0,17,------0,0,0.0,------17,
736,246,0,0,0,17,------0,0,0.0,------17,
739,247,0,1,0,17,------0,0,0.0,------17,
742,248,0,1,0,17,------0,0,0.0,------17,
745,249,0,1,0,17,------0,0,0.0,------17,
748,250,0,1,0,17,------0,0,0.0,------17,
751,251,0,0,0,17,------0,0,0.0,------17,
754,252,0,0,0,17,------0,0,0.0,------17,
757,253,0,0,0,17,------0,0,0.0,------17,
760,254,0,0,0,17,------0,0,0.0,------17,
763,255,0,1,0,17,------0,0,0.0,------17,
766,256,0,1,0,17,------0,0,0.0,------17,
769,257,0,1,0,17,------0,0,0.0,------17,
772,258,0,1,0,17,------0,0,0.0,------17,
775,259,0,0,0,17,------0,0,0.0,------17,
778,260,0,0,0,17,------0,0,0.0,------17,
781,261,0,0,0,17,------0,0,0.0,------17,
784,262,0,0,0,17,------0,0,0.0,------17,
787,263,0,1,0,17,------0,0,0.0,------17,
790,264,0,1,0,17,------0,0,0.0,------17,
793,265,0,1,0,17,------0,0,0.0,------17,
796,266,0,1,0,17,------0,0,0.0,------17,
799,267,0,0,0,17,------0,0,0.0,------17,
802,268,0,0,0,17,------0,0,0.0,------17,
805,269,0,0,0,17,------0,0,0.0,------17,
808,270,0,0,0,17,------0,0,0.0,------17,
811,271,0,1,0,17,------0,0,0.0,------17,
814,272,0,1,0,17,------0,0,0.0,------17,
817,273,0,1,0,17,------0,0,0.0,------17,
820,274,0,1,0,17,------0,0,0.0,------17,
823,275,0,0,0,17,------0,0,0.0,------17,
826,276,0,0,0,17,------0,0,0.0,------17,
829,277,0,0,0,17,------0,0,0.0,------17,
832,278,0,0,0,17,------0,0,0.0,------17,
835,279,0,1,0,17,------0,0,0.0,------17,
838,280,0,1,0,17,------0,0,0.0,------17,
841,281,0,1,0,17,------0,0,0.0,------17,
844,282,0,1,0,17,------0,0,0.0,------17,
847,283,0,0,0,17,------0,0,0.0,------17,
850,284,0,0,0,17,------0,0,0.0,------17,
853,285,0,0,0,17,------0,0,0.0,------17,
856,286,0,0,0,17,------0,0,0.0,------17,
859,287,0,1,0,17,------0,0,0.0,------17,
862,288,0,1,0,17,------0,0,0.0,------17,
865,289,0,1,0,17,------0,0,0.0,------17,
868,290,0,1,0,17,------0,0,0.0,------17,
871,291,0,0,0,17,------0,0,0.0,------17,
874,292,0,0,0,17,------0,0,0.0,------17,
877,293,0,0,0,17,------0,0,0.0,------17,
880,294,0,0,0,17,------0,0,0.0,------17,
883,295,0,1,0,17,------0,0,0.0,------17,
886,296,0,1,0,17,------0,0,0.0,------17,
889,297,0,1,0,17,------0,0,0.0,------17,
892,298,0,1,0,17,------0,0,0.0,------17,
895,299,0,0,0,17,------0,0,0.0,------17,
898,300,0,0,0,17,------0,0,0.0,------17,
901,301,0,0,0,17,------0,0,0.0,------17,
904,302,0,0,0,17,------0,0,0.0,------17,
907,303,0,1,0,17,------0,0,0.0,------17,
910,304,0,1,0,17,------0,0,0.0,------17,
913,305,0,1,0,17,------0,0,0.0,------17,
916,306,0,1,0,17,------0,0,0.0,------17,
919,307,0,0,0,17,------0,0,0.0,------17,
922,308,0,0,0,17,------0,0,0.0,------17,
925,309,0,0,0,17,------0,0,0.0,------17,
928,310,0,0,0,17,------0,0,0.0,------17,
931,311,0,1,0,17,------0,0,0.0,------17,
934,312,0,1,0,17,------0,0,0.0,------17,
937,313,0,1,0,17,------0,0,0.0,------17,
940,314,0,1,0,17,------0,0,0.0,------17,
943,315,0,0,0,17,------0,0,0.0,------17,
946,316,0,0,0,17,------0,0,0.0,------17,
949,317,0,0,0,17,------0,0,0.0,------17,
952,318,0,0,0,17,------0,0,0.0,------17,
955,319,0,1,0,17,------0,0,0.0,------17,
958,320,0,1,0,17,------0,0,0.0,------17,
961,321,0,1,0,17,------0,0,0.0,------17,
964,322,0,1,0,17,------0,0,0.0,------17,
967,323,0,0,0,17,------0,0,0.0,------17,
970,324,0,0,0,17,------0,0,0.0,------17,
973,325,0,0,0,17,------0,0,0.0,------17,
976,326,0,0,0,17,------0,0,0.0,------17,
979,327,0,1,0,17,------0,0,0.0,------17,
982,328,0,1,0,17,------0,0,0.0,------17,
985,329,0,1,0,17,------0,0,0.0,------17,
988,330,0,1,0,17,------0,0,0.0,------17,
991,331,0,0,0,17,------0,0,0.0,------17,
994,332,0,0,0,17,------0,0,0.0,------17,
997,333,0,0,0,17,------0,0,0.0,------17,
1000,334,0,0,0,17,------0,0,0.0,------17,
1003,335,0,1,0,17,------0,0,0.0,------17,
1006,336,0,1,0,17,------0,0,0.0,------17,
1009,337,0,1,0,17,------0,0,0.0,------17,
