L0 --> Columns Header: , levelDiversityCount,
1,
2,
3,
4,
5,
6,
7,
9,
10,
12,
14,
15,
16,
17,
18,
19,
20,
21,
22,
23,
24,
25,
26,
27,
28,
29,
30,
31,
31,
31,
31,
31,
32,
33,
34,
35,
35,
35,
35,
35,
36,
37,
37,
37,
37,
37,
37,
37,
38,
39,
39,
39,
39,
39,
39,
39,
40,
41,
42,
43,
43,
43,
43,
43,
44,
45,
46,
46,
46,
46,
46,
46,
46,
46,
46,
46,
46,
46,
46,
46,
46,
46,
46,
46,
46,
46,
46,
46,
46,
46,
46,
46,
46,
46,
46,
46,
46,
46,
46,
46,
46,
46,
46,
46,
46,
46,
46,
46,
46,
46,
46,
46,
46,
46,
46,
46,
46,
46,
46,
46,
46,
46,
46,
46,
46,
46,
46,
46,
46,
46,
46,
46,
46,
46,
46,
46,
46,
46,
46,
46,
46,
46,
46,
46,
46,
46,
46,
46,
46,
46,
46,
46,
46,
46,
46,
46,
46,
46,
46,
46,
46,
46,
46,
46,
46,
46,
46,
46,
46,
46,
46,
46,
46,
46,
46,
46,
46,
46,
46,
46,
46,
46,
46,
46,
46,
46,
46,
46,
46,
46,
46,
46,
46,
46,
46,
46,
46,
46,
46,
46,
46,
46,
46,
46,
46,
46,
46,
46,
46,
46,
46,
46,
46,
46,
46,
46,
46,
46,
46,
46,
46,
46,
46,
46,
46,
46,
46,
46,
46,
46,
46,
46,
46,
46,
46,
46,
46,
46,
46,
46,
46,
46,
46,
46,
46,
46,
46,
46,
46,
46,
46,
46,
46,
46,
46,
46,
46,
46,
46,
46,
46,
46,
46,
46,
46,
46,
46,
46,
46,
46,
46,
46,
46,
46,
46,
46,
46,
46,
46,
46,
46,
46,
46,
46,
46,
46,
46,
46,
46,
46,
46,
46,
46,
46,
46,
46,
46,
46,
46,
46,
46,
46,
46,
46,
46,
46,
46,
46,
46,
46,
46,
46,
46,
46,
46,
46,
46,
46,
46,
46,
46,
46,
46,
46,
46,
46,
46,
46,
46,
46,
46,
46,
46,
46,
46,
46,
