L0A23-->Columns Header:, LevelCount, AutomataStep, AggregateState, Goal, StateDifference, DiversityCounter, LiveCellsCount, LiveCellsArea, LiveCellsDensity, StateId
1,1,0,1,0,1,------5,9,0.56,------1,
4,2,0,1,4,2,------9,25,0.36,------2,
7,3,0,1,12,3,------21,49,0.43,------3,
10,4,0,1,8,4,------29,81,0.36,------4,
13,5,0,1,12,5,------41,121,0.34,------5,
16,6,1,1,12,6,------53,169,0.31,------6,
19,7,1,1,36,7,------89,225,0.4,------7,
22,8,1,1,28,8,------117,289,0.4,------8,
25,9,1,1,12,9,------129,361,0.36,------9,
28,10,1,1,12,10,------141,441,0.32,------10,
31,11,1,1,32,11,------173,441,0.39,------11,
34,12,1,1,24,12,------197,441,0.45,------12,
37,13,1,0,56,13,------141,441,0.32,------13,
40,14,1,0,32,14,------109,361,0.3,------14,
43,15,1,1,36,15,------145,441,0.33,------15,
46,16,1,1,48,16,------193,441,0.44,------16,
49,17,1,1,48,17,------241,441,0.55,------17,
52,18,1,1,48,18,------289,441,0.66,------18,
55,19,1,1,28,19,------317,441,0.72,------19,
58,20,1,1,36,20,------353,441,0.8,------20,
61,21,1,1,20,21,------373,441,0.85,------21,
64,22,1,1,0,21,------373,441,0.85,------21,
67,23,1,1,0,21,------373,441,0.85,------21,
70,24,1,1,0,21,------373,441,0.85,------21,
73,25,1,1,0,21,------373,441,0.85,------21,
76,26,1,1,0,21,------373,441,0.85,------21,
79,27,1,1,0,21,------373,441,0.85,------21,
82,28,1,1,0,21,------373,441,0.85,------21,
85,29,1,1,0,21,------373,441,0.85,------21,
88,30,1,1,0,21,------373,441,0.85,------21,
91,31,1,1,0,21,------373,441,0.85,------21,
94,32,1,1,0,21,------373,441,0.85,------21,
97,33,1,1,0,21,------373,441,0.85,------21,
100,34,1,1,0,21,------373,441,0.85,------21,
103,35,1,1,0,21,------373,441,0.85,------21,
106,36,1,1,0,21,------373,441,0.85,------21,
109,37,1,1,0,21,------373,441,0.85,------21,
112,38,1,1,0,21,------373,441,0.85,------21,
115,39,1,1,0,21,------373,441,0.85,------21,
118,40,1,1,0,21,------373,441,0.85,------21,
121,41,1,1,0,21,------373,441,0.85,------21,
124,42,1,1,0,21,------373,441,0.85,------21,
127,43,1,0,40,22,------333,441,0.76,------22,
130,44,1,0,32,23,------301,361,0.83,------23,
133,45,1,1,36,24,------337,441,0.76,------24,
136,46,1,1,8,25,------345,441,0.78,------25,
139,47,1,1,8,26,------353,441,0.8,------26,
142,48,1,1,16,27,------369,441,0.84,------27,
145,49,1,1,16,28,------385,441,0.87,------28,
148,50,1,1,16,29,------401,441,0.91,------29,
151,51,1,1,4,30,------405,441,0.92,------30,
154,52,1,1,0,30,------405,441,0.92,------30,
157,53,1,1,0,30,------405,441,0.92,------30,
160,54,1,1,0,30,------405,441,0.92,------30,
163,55,1,1,0,30,------405,441,0.92,------30,
166,56,1,1,0,30,------405,441,0.92,------30,
169,57,1,1,0,30,------405,441,0.92,------30,
172,58,1,1,0,30,------405,441,0.92,------30,
175,59,1,1,0,30,------405,441,0.92,------30,
178,60,1,1,0,30,------405,441,0.92,------30,
181,61,1,1,0,30,------405,441,0.92,------30,
184,62,1,1,0,30,------405,441,0.92,------30,
187,63,1,1,0,30,------405,441,0.92,------30,
190,64,1,1,0,30,------405,441,0.92,------30,
193,65,1,1,0,30,------405,441,0.92,------30,
196,66,1,1,0,30,------405,441,0.92,------30,
199,67,1,1,0,30,------405,441,0.92,------30,
202,68,1,1,0,30,------405,441,0.92,------30,
205,69,1,1,0,30,------405,441,0.92,------30,
208,70,1,1,0,30,------405,441,0.92,------30,
211,71,1,1,0,30,------405,441,0.92,------30,
214,72,1,1,0,30,------405,441,0.92,------30,
217,73,1,0,40,31,------365,441,0.83,------31,
220,74,1,0,24,32,------341,441,0.77,------32,
223,75,1,1,32,33,------373,441,0.85,------33,
226,76,1,1,28,34,------401,441,0.91,------34,
229,77,1,1,20,35,------421,441,0.95,------35,
232,78,1,1,12,36,------433,441,0.98,------36,
235,79,1,1,4,37,------437,441,0.99,------37,
238,80,1,1,0,37,------437,441,0.99,------37,
241,81,1,1,0,37,------437,441,0.99,------37,
244,82,1,1,0,37,------437,441,0.99,------37,
247,83,1,1,0,37,------437,441,0.99,------37,
250,84,1,1,0,37,------437,441,0.99,------37,
253,85,1,1,0,37,------437,441,0.99,------37,
256,86,1,1,0,37,------437,441,0.99,------37,
259,87,1,1,0,37,------437,441,0.99,------37,
262,88,1,1,0,37,------437,441,0.99,------37,
265,89,1,1,0,37,------437,441,0.99,------37,
268,90,1,1,0,37,------437,441,0.99,------37,
271,91,1,1,0,37,------437,441,0.99,------37,
274,92,1,1,0,37,------437,441,0.99,------37,
277,93,1,1,0,37,------437,441,0.99,------37,
280,94,1,1,0,37,------437,441,0.99,------37,
283,95,1,1,0,37,------437,441,0.99,------37,
286,96,1,1,0,37,------437,441,0.99,------37,
289,97,1,1,0,37,------437,441,0.99,------37,
292,98,1,1,0,37,------437,441,0.99,------37,
295,99,1,1,0,37,------437,441,0.99,------37,
298,100,1,1,0,37,------437,441,0.99,------37,
301,101,1,1,0,37,------437,441,0.99,------37,
304,102,1,1,0,37,------437,441,0.99,------37,
307,103,1,0,8,38,------429,441,0.97,------38,
310,104,1,0,12,39,------417,441,0.95,------39,
313,105,1,1,0,39,------417,441,0.95,------39,
316,106,1,1,0,39,------417,441,0.95,------39,
319,107,1,1,0,39,------417,441,0.95,------39,
322,108,1,1,0,39,------417,441,0.95,------39,
325,109,1,1,0,39,------417,441,0.95,------39,
328,110,1,1,0,39,------417,441,0.95,------39,
331,111,1,1,0,39,------417,441,0.95,------39,
334,112,1,1,0,39,------417,441,0.95,------39,
337,113,1,1,0,39,------417,441,0.95,------39,
340,114,1,1,0,39,------417,441,0.95,------39,
343,115,1,1,0,39,------417,441,0.95,------39,
346,116,1,1,0,39,------417,441,0.95,------39,
349,117,1,1,0,39,------417,441,0.95,------39,
352,118,1,1,0,39,------417,441,0.95,------39,
355,119,1,1,0,39,------417,441,0.95,------39,
358,120,1,1,0,39,------417,441,0.95,------39,
361,121,1,1,0,39,------417,441,0.95,------39,
364,122,1,1,0,39,------417,441,0.95,------39,
367,123,1,1,0,39,------417,441,0.95,------39,
370,124,1,1,0,39,------417,441,0.95,------39,
373,125,1,1,0,39,------417,441,0.95,------39,
376,126,1,1,0,39,------417,441,0.95,------39,
379,127,1,1,0,39,------417,441,0.95,------39,
382,128,1,1,0,39,------417,441,0.95,------39,
385,129,1,1,0,39,------417,441,0.95,------39,
388,130,1,1,0,39,------417,441,0.95,------39,
391,131,1,1,0,39,------417,441,0.95,------39,
394,132,1,1,0,39,------417,441,0.95,------39,
397,133,1,0,16,40,------401,441,0.91,------40,
400,134,1,0,20,41,------381,441,0.86,------41,
403,135,1,1,0,41,------381,441,0.86,------41,
406,136,1,1,0,41,------381,441,0.86,------41,
409,137,1,1,0,41,------381,441,0.86,------41,
412,138,1,1,0,41,------381,441,0.86,------41,
415,139,1,1,0,41,------381,441,0.86,------41,
418,140,1,1,0,41,------381,441,0.86,------41,
421,141,1,1,0,41,------381,441,0.86,------41,
424,142,1,1,0,41,------381,441,0.86,------41,
427,143,1,1,0,41,------381,441,0.86,------41,
430,144,1,1,0,41,------381,441,0.86,------41,
433,145,1,1,0,41,------381,441,0.86,------41,
436,146,1,1,0,41,------381,441,0.86,------41,
439,147,1,1,0,41,------381,441,0.86,------41,
442,148,1,1,0,41,------381,441,0.86,------41,
445,149,1,1,0,41,------381,441,0.86,------41,
448,150,1,1,0,41,------381,441,0.86,------41,
451,151,1,1,0,41,------381,441,0.86,------41,
454,152,1,1,0,41,------381,441,0.86,------41,
457,153,1,1,0,41,------381,441,0.86,------41,
460,154,1,1,0,41,------381,441,0.86,------41,
463,155,1,1,0,41,------381,441,0.86,------41,
466,156,1,1,0,41,------381,441,0.86,------41,
469,157,1,1,0,41,------381,441,0.86,------41,
472,158,1,1,0,41,------381,441,0.86,------41,
475,159,1,1,0,41,------381,441,0.86,------41,
478,160,1,1,0,41,------381,441,0.86,------41,
481,161,1,1,0,41,------381,441,0.86,------41,
484,162,1,1,0,41,------381,441,0.86,------41,
487,163,1,0,24,42,------357,441,0.81,------42,
490,164,1,0,28,43,------329,441,0.75,------43,
493,165,1,1,0,43,------329,441,0.75,------43,
496,166,1,1,0,43,------329,441,0.75,------43,
499,167,1,1,0,43,------329,441,0.75,------43,
502,168,1,1,0,43,------329,441,0.75,------43,
505,169,1,1,0,43,------329,441,0.75,------43,
508,170,1,1,0,43,------329,441,0.75,------43,
511,171,1,1,0,43,------329,441,0.75,------43,
514,172,1,1,0,43,------329,441,0.75,------43,
517,173,1,1,0,43,------329,441,0.75,------43,
520,174,1,1,0,43,------329,441,0.75,------43,
523,175,1,1,0,43,------329,441,0.75,------43,
526,176,1,1,0,43,------329,441,0.75,------43,
529,177,1,1,0,43,------329,441,0.75,------43,
532,178,1,1,0,43,------329,441,0.75,------43,
535,179,1,1,0,43,------329,441,0.75,------43,
538,180,1,1,0,43,------329,441,0.75,------43,
541,181,1,1,0,43,------329,441,0.75,------43,
544,182,1,1,0,43,------329,441,0.75,------43,
547,183,1,1,0,43,------329,441,0.75,------43,
550,184,1,1,0,43,------329,441,0.75,------43,
553,185,1,1,0,43,------329,441,0.75,------43,
556,186,1,1,0,43,------329,441,0.75,------43,
559,187,1,1,0,43,------329,441,0.75,------43,
562,188,1,1,0,43,------329,441,0.75,------43,
565,189,1,1,0,43,------329,441,0.75,------43,
568,190,1,1,0,43,------329,441,0.75,------43,
571,191,1,1,0,43,------329,441,0.75,------43,
574,192,1,1,0,43,------329,441,0.75,------43,
577,193,1,0,32,44,------297,441,0.67,------44,
580,194,1,0,36,45,------261,441,0.59,------45,
583,195,1,1,0,45,------261,441,0.59,------45,
586,196,1,1,0,45,------261,441,0.59,------45,
589,197,1,1,0,45,------261,441,0.59,------45,
592,198,1,1,0,45,------261,441,0.59,------45,
595,199,1,1,0,45,------261,441,0.59,------45,
598,200,1,1,0,45,------261,441,0.59,------45,
601,201,1,1,0,45,------261,441,0.59,------45,
604,202,1,1,0,45,------261,441,0.59,------45,
607,203,1,1,0,45,------261,441,0.59,------45,
610,204,1,1,0,45,------261,441,0.59,------45,
613,205,1,1,0,45,------261,441,0.59,------45,
616,206,1,1,0,45,------261,441,0.59,------45,
619,207,1,1,0,45,------261,441,0.59,------45,
622,208,1,1,0,45,------261,441,0.59,------45,
625,209,1,1,0,45,------261,441,0.59,------45,
628,210,1,1,0,45,------261,441,0.59,------45,
631,211,1,1,0,45,------261,441,0.59,------45,
634,212,1,1,0,45,------261,441,0.59,------45,
637,213,1,1,0,45,------261,441,0.59,------45,
640,214,1,1,0,45,------261,441,0.59,------45,
643,215,1,1,0,45,------261,441,0.59,------45,
646,216,1,1,0,45,------261,441,0.59,------45,
649,217,1,1,0,45,------261,441,0.59,------45,
652,218,1,1,0,45,------261,441,0.59,------45,
655,219,1,1,0,45,------261,441,0.59,------45,
658,220,1,1,0,45,------261,441,0.59,------45,
661,221,1,1,0,45,------261,441,0.59,------45,
664,222,1,1,0,45,------261,441,0.59,------45,
667,223,1,0,40,46,------221,441,0.5,------46,
670,224,1,0,40,47,------181,361,0.5,------47,
673,225,1,1,4,48,------185,441,0.42,------48,
676,226,1,1,8,49,------193,441,0.44,------49,
679,227,1,1,8,50,------201,441,0.46,------50,
682,228,1,1,16,51,------217,441,0.49,------51,
685,229,1,1,16,52,------233,441,0.53,------52,
688,230,1,1,16,53,------249,441,0.56,------53,
691,231,1,1,16,54,------265,441,0.6,------54,
694,232,1,1,40,55,------305,441,0.69,------55,
697,233,1,1,40,56,------345,441,0.78,------56,
700,234,1,1,16,57,------361,441,0.82,------57,
703,235,1,1,4,58,------365,441,0.83,------58,
706,236,1,1,0,58,------365,441,0.83,------58,
709,237,1,1,0,58,------365,441,0.83,------58,
712,238,1,1,0,58,------365,441,0.83,------58,
715,239,1,1,0,58,------365,441,0.83,------58,
718,240,1,1,0,58,------365,441,0.83,------58,
721,241,1,1,0,58,------365,441,0.83,------58,
724,242,1,1,0,58,------365,441,0.83,------58,
727,243,1,1,0,58,------365,441,0.83,------58,
730,244,1,1,0,58,------365,441,0.83,------58,
733,245,1,1,0,58,------365,441,0.83,------58,
736,246,1,1,0,58,------365,441,0.83,------58,
739,247,1,1,0,58,------365,441,0.83,------58,
742,248,1,1,0,58,------365,441,0.83,------58,
745,249,1,1,0,58,------365,441,0.83,------58,
748,250,1,1,0,58,------365,441,0.83,------58,
751,251,1,1,0,58,------365,441,0.83,------58,
754,252,1,1,0,58,------365,441,0.83,------58,
757,253,1,0,56,59,------309,441,0.7,------59,
760,254,1,0,40,60,------269,441,0.61,------60,
763,255,1,1,32,61,------301,441,0.68,------61,
766,256,1,1,36,62,------337,441,0.76,------62,
769,257,1,1,36,63,------373,441,0.85,------63,
772,258,1,1,44,64,------417,441,0.95,------64,
775,259,1,1,20,64,------437,441,0.99,------37,
778,260,1,1,0,64,------437,441,0.99,------37,
781,261,1,1,0,64,------437,441,0.99,------37,
784,262,1,1,0,64,------437,441,0.99,------37,
787,263,1,1,0,64,------437,441,0.99,------37,
790,264,1,1,0,64,------437,441,0.99,------37,
793,265,1,1,0,64,------437,441,0.99,------37,
796,266,1,1,0,64,------437,441,0.99,------37,
799,267,1,1,0,64,------437,441,0.99,------37,
802,268,1,1,0,64,------437,441,0.99,------37,
805,269,1,1,0,64,------437,441,0.99,------37,
808,270,1,1,0,64,------437,441,0.99,------37,
811,271,1,1,0,64,------437,441,0.99,------37,
814,272,1,1,0,64,------437,441,0.99,------37,
817,273,1,1,0,64,------437,441,0.99,------37,
820,274,1,1,0,64,------437,441,0.99,------37,
823,275,1,1,0,64,------437,441,0.99,------37,
826,276,1,1,0,64,------437,441,0.99,------37,
829,277,1,1,0,64,------437,441,0.99,------37,
832,278,1,1,0,64,------437,441,0.99,------37,
835,279,1,1,0,64,------437,441,0.99,------37,
838,280,1,1,0,64,------437,441,0.99,------37,
841,281,1,1,0,64,------437,441,0.99,------37,
844,282,1,1,0,64,------437,441,0.99,------37,
847,283,1,0,8,64,------429,441,0.97,------38,
850,284,1,0,12,64,------417,441,0.95,------39,
853,285,1,1,0,64,------417,441,0.95,------39,
856,286,1,1,0,64,------417,441,0.95,------39,
859,287,1,1,0,64,------417,441,0.95,------39,
862,288,1,1,0,64,------417,441,0.95,------39,
865,289,1,1,0,64,------417,441,0.95,------39,
868,290,1,1,0,64,------417,441,0.95,------39,
871,291,1,1,0,64,------417,441,0.95,------39,
874,292,1,1,0,64,------417,441,0.95,------39,
877,293,1,1,0,64,------417,441,0.95,------39,
880,294,1,1,0,64,------417,441,0.95,------39,
883,295,1,1,0,64,------417,441,0.95,------39,
886,296,1,1,0,64,------417,441,0.95,------39,
889,297,1,1,0,64,------417,441,0.95,------39,
892,298,1,1,0,64,------417,441,0.95,------39,
895,299,1,1,0,64,------417,441,0.95,------39,
898,300,1,1,0,64,------417,441,0.95,------39,
901,301,1,1,0,64,------417,441,0.95,------39,
904,302,1,1,0,64,------417,441,0.95,------39,
907,303,1,1,0,64,------417,441,0.95,------39,
910,304,1,1,0,64,------417,441,0.95,------39,
913,305,1,1,0,64,------417,441,0.95,------39,
916,306,1,1,0,64,------417,441,0.95,------39,
919,307,1,1,0,64,------417,441,0.95,------39,
922,308,1,1,0,64,------417,441,0.95,------39,
925,309,1,1,0,64,------417,441,0.95,------39,
928,310,1,1,0,64,------417,441,0.95,------39,
931,311,1,1,0,64,------417,441,0.95,------39,
934,312,1,1,0,64,------417,441,0.95,------39,
937,313,1,0,16,64,------401,441,0.91,------40,
940,314,1,0,20,64,------381,441,0.86,------41,
943,315,1,1,0,64,------381,441,0.86,------41,
946,316,1,1,0,64,------381,441,0.86,------41,
949,317,1,1,0,64,------381,441,0.86,------41,
952,318,1,1,0,64,------381,441,0.86,------41,
955,319,1,1,0,64,------381,441,0.86,------41,
958,320,1,1,0,64,------381,441,0.86,------41,
961,321,1,1,0,64,------381,441,0.86,------41,
964,322,1,1,0,64,------381,441,0.86,------41,
967,323,1,1,0,64,------381,441,0.86,------41,
970,324,1,1,0,64,------381,441,0.86,------41,
973,325,1,1,0,64,------381,441,0.86,------41,
976,326,1,1,0,64,------381,441,0.86,------41,
979,327,1,1,0,64,------381,441,0.86,------41,
982,328,1,1,0,64,------381,441,0.86,------41,
985,329,1,1,0,64,------381,441,0.86,------41,
988,330,1,1,0,64,------381,441,0.86,------41,
991,331,1,1,0,64,------381,441,0.86,------41,
994,332,1,1,0,64,------381,441,0.86,------41,
997,333,1,1,0,64,------381,441,0.86,------41,
1000,334,1,1,0,64,------381,441,0.86,------41,
1003,335,1,1,0,64,------381,441,0.86,------41,
1006,336,1,1,0,64,------381,441,0.86,------41,
1009,337,1,1,0,64,------381,441,0.86,------41,
1012,338,1,1,0,64,------381,441,0.86,------41,
1015,339,1,1,0,64,------381,441,0.86,------41,
1018,340,1,1,0,64,------381,441,0.86,------41,
1021,341,1,1,0,64,------381,441,0.86,------41,
1024,342,1,1,0,64,------381,441,0.86,------41,
1027,343,1,0,24,64,------357,441,0.81,------42,
1030,344,1,0,28,64,------329,441,0.75,------43,
1033,345,1,1,0,64,------329,441,0.75,------43,
1036,346,1,1,0,64,------329,441,0.75,------43,
1039,347,1,1,0,64,------329,441,0.75,------43,
1042,348,1,1,0,64,------329,441,0.75,------43,
1045,349,1,1,0,64,------329,441,0.75,------43,
1048,350,1,1,0,64,------329,441,0.75,------43,
1051,351,1,1,0,64,------329,441,0.75,------43,
1054,352,1,1,0,64,------329,441,0.75,------43,
1057,353,1,1,0,64,------329,441,0.75,------43,
1060,354,1,1,0,64,------329,441,0.75,------43,
1063,355,1,1,0,64,------329,441,0.75,------43,
1066,356,1,1,0,64,------329,441,0.75,------43,
1069,357,1,1,0,64,------329,441,0.75,------43,
1072,358,1,1,0,64,------329,441,0.75,------43,
1075,359,1,1,0,64,------329,441,0.75,------43,
1078,360,1,1,0,64,------329,441,0.75,------43,
1081,361,1,1,0,64,------329,441,0.75,------43,
1084,362,1,1,0,64,------329,441,0.75,------43,
1087,363,1,1,0,64,------329,441,0.75,------43,
1090,364,1,1,0,64,------329,441,0.75,------43,
1093,365,1,1,0,64,------329,441,0.75,------43,
1096,366,1,1,0,64,------329,441,0.75,------43,
1099,367,1,1,0,64,------329,441,0.75,------43,
1102,368,1,1,0,64,------329,441,0.75,------43,
1105,369,1,1,0,64,------329,441,0.75,------43,
1108,370,1,1,0,64,------329,441,0.75,------43,
1111,371,1,1,0,64,------329,441,0.75,------43,
1114,372,1,1,0,64,------329,441,0.75,------43,
1117,373,1,0,32,64,------297,441,0.67,------44,
1120,374,1,0,36,64,------261,441,0.59,------45,
1123,375,1,1,0,64,------261,441,0.59,------45,
1126,376,1,1,0,64,------261,441,0.59,------45,
1129,377,1,1,0,64,------261,441,0.59,------45,
1132,378,1,1,0,64,------261,441,0.59,------45,
1135,379,1,1,0,64,------261,441,0.59,------45,
1138,380,1,1,0,64,------261,441,0.59,------45,
1141,381,1,1,0,64,------261,441,0.59,------45,
1144,382,1,1,0,64,------261,441,0.59,------45,
1147,383,1,1,0,64,------261,441,0.59,------45,
1150,384,1,1,0,64,------261,441,0.59,------45,
1153,385,1,1,0,64,------261,441,0.59,------45,
1156,386,1,1,0,64,------261,441,0.59,------45,
1159,387,1,1,0,64,------261,441,0.59,------45,
1162,388,1,1,0,64,------261,441,0.59,------45,
1165,389,1,1,0,64,------261,441,0.59,------45,
1168,390,1,1,0,64,------261,441,0.59,------45,
1171,391,1,1,0,64,------261,441,0.59,------45,
1174,392,1,1,0,64,------261,441,0.59,------45,
1177,393,1,1,0,64,------261,441,0.59,------45,
1180,394,1,1,0,64,------261,441,0.59,------45,
1183,395,1,1,0,64,------261,441,0.59,------45,
1186,396,1,1,0,64,------261,441,0.59,------45,
1189,397,1,1,0,64,------261,441,0.59,------45,
1192,398,1,1,0,64,------261,441,0.59,------45,
1195,399,1,1,0,64,------261,441,0.59,------45,
1198,400,1,1,0,64,------261,441,0.59,------45,
1201,401,1,1,0,64,------261,441,0.59,------45,
1204,402,1,1,0,64,------261,441,0.59,------45,
1207,403,1,0,40,64,------221,441,0.5,------46,
1210,404,1,0,40,64,------181,361,0.5,------47,
1213,405,1,1,4,64,------185,441,0.42,------48,
1216,406,1,1,8,64,------193,441,0.44,------49,
1219,407,1,1,8,64,------201,441,0.46,------50,
1222,408,1,1,16,64,------217,441,0.49,------51,
1225,409,1,1,16,64,------233,441,0.53,------52,
1228,410,1,1,16,64,------249,441,0.56,------53,
1231,411,1,1,16,64,------265,441,0.6,------54,
1234,412,1,1,40,64,------305,441,0.69,------55,
1237,413,1,1,40,64,------345,441,0.78,------56,
1240,414,1,1,16,64,------361,441,0.82,------57,
1243,415,1,1,4,64,------365,441,0.83,------58,
1246,416,1,1,0,64,------365,441,0.83,------58,
1249,417,1,1,0,64,------365,441,0.83,------58,
1252,418,1,1,0,64,------365,441,0.83,------58,
1255,419,1,1,0,64,------365,441,0.83,------58,
1258,420,1,1,0,64,------365,441,0.83,------58,
1261,421,1,1,0,64,------365,441,0.83,------58,
1264,422,1,1,0,64,------365,441,0.83,------58,
1267,423,1,1,0,64,------365,441,0.83,------58,
1270,424,1,1,0,64,------365,441,0.83,------58,
1273,425,1,1,0,64,------365,441,0.83,------58,
1276,426,1,1,0,64,------365,441,0.83,------58,
1279,427,1,1,0,64,------365,441,0.83,------58,
1282,428,1,1,0,64,------365,441,0.83,------58,
1285,429,1,1,0,64,------365,441,0.83,------58,
1288,430,1,1,0,64,------365,441,0.83,------58,
1291,431,1,1,0,64,------365,441,0.83,------58,
1294,432,1,1,0,64,------365,441,0.83,------58,
1297,433,1,0,56,64,------309,441,0.7,------59,
1300,434,1,0,40,64,------269,441,0.61,------60,
1303,435,1,1,32,64,------301,441,0.68,------61,
1306,436,1,1,36,64,------337,441,0.76,------62,
1309,437,1,1,36,64,------373,441,0.85,------63,
1312,438,1,1,44,64,------417,441,0.95,------64,
1315,439,1,1,20,64,------437,441,0.99,------37,
1318,440,1,1,0,64,------437,441,0.99,------37,
1321,441,1,1,0,64,------437,441,0.99,------37,
1324,442,1,1,0,64,------437,441,0.99,------37,
1327,443,1,1,0,64,------437,441,0.99,------37,
1330,444,1,1,0,64,------437,441,0.99,------37,
1333,445,1,1,0,64,------437,441,0.99,------37,
1336,446,1,1,0,64,------437,441,0.99,------37,
1339,447,1,1,0,64,------437,441,0.99,------37,
1342,448,1,1,0,64,------437,441,0.99,------37,
1345,449,1,1,0,64,------437,441,0.99,------37,
1348,450,1,1,0,64,------437,441,0.99,------37,
1351,451,1,1,0,64,------437,441,0.99,------37,
1354,452,1,1,0,64,------437,441,0.99,------37,
1357,453,1,1,0,64,------437,441,0.99,------37,
1360,454,1,1,0,64,------437,441,0.99,------37,
1363,455,1,1,0,64,------437,441,0.99,------37,
1366,456,1,1,0,64,------437,441,0.99,------37,
1369,457,1,1,0,64,------437,441,0.99,------37,
1372,458,1,1,0,64,------437,441,0.99,------37,
1375,459,1,1,0,64,------437,441,0.99,------37,
1378,460,1,1,0,64,------437,441,0.99,------37,
1381,461,1,1,0,64,------437,441,0.99,------37,
1384,462,1,1,0,64,------437,441,0.99,------37,
1387,463,1,0,8,64,------429,441,0.97,------38,
1390,464,1,0,12,64,------417,441,0.95,------39,
1393,465,1,1,0,64,------417,441,0.95,------39,
1396,466,1,1,0,64,------417,441,0.95,------39,
1399,467,1,1,0,64,------417,441,0.95,------39,
1402,468,1,1,0,64,------417,441,0.95,------39,
1405,469,1,1,0,64,------417,441,0.95,------39,
1408,470,1,1,0,64,------417,441,0.95,------39,
1411,471,1,1,0,64,------417,441,0.95,------39,
1414,472,1,1,0,64,------417,441,0.95,------39,
1417,473,1,1,0,64,------417,441,0.95,------39,
1420,474,1,1,0,64,------417,441,0.95,------39,
1423,475,1,1,0,64,------417,441,0.95,------39,
1426,476,1,1,0,64,------417,441,0.95,------39,
1429,477,1,1,0,64,------417,441,0.95,------39,
1432,478,1,1,0,64,------417,441,0.95,------39,
1435,479,1,1,0,64,------417,441,0.95,------39,
1438,480,1,1,0,64,------417,441,0.95,------39,
1441,481,1,1,0,64,------417,441,0.95,------39,
1444,482,1,1,0,64,------417,441,0.95,------39,
1447,483,1,1,0,64,------417,441,0.95,------39,
1450,484,1,1,0,64,------417,441,0.95,------39,
1453,485,1,1,0,64,------417,441,0.95,------39,
1456,486,1,1,0,64,------417,441,0.95,------39,
1459,487,1,1,0,64,------417,441,0.95,------39,
1462,488,1,1,0,64,------417,441,0.95,------39,
1465,489,1,1,0,64,------417,441,0.95,------39,
1468,490,1,1,0,64,------417,441,0.95,------39,
1471,491,1,1,0,64,------417,441,0.95,------39,
1474,492,1,1,0,64,------417,441,0.95,------39,
1477,493,1,0,16,64,------401,441,0.91,------40,
1480,494,1,0,20,64,------381,441,0.86,------41,
1483,495,1,1,0,64,------381,441,0.86,------41,
1486,496,1,1,0,64,------381,441,0.86,------41,
1489,497,1,1,0,64,------381,441,0.86,------41,
1492,498,1,1,0,64,------381,441,0.86,------41,
1495,499,1,1,0,64,------381,441,0.86,------41,
1498,500,1,1,0,64,------381,441,0.86,------41,
1501,501,1,1,0,64,------381,441,0.86,------41,
1504,502,1,1,0,64,------381,441,0.86,------41,
1507,503,1,1,0,64,------381,441,0.86,------41,
1510,504,1,1,0,64,------381,441,0.86,------41,
1513,505,1,1,0,64,------381,441,0.86,------41,
1516,506,1,1,0,64,------381,441,0.86,------41,
1519,507,1,1,0,64,------381,441,0.86,------41,
1522,508,1,1,0,64,------381,441,0.86,------41,
1525,509,1,1,0,64,------381,441,0.86,------41,
1528,510,1,1,0,64,------381,441,0.86,------41,
1531,511,1,1,0,64,------381,441,0.86,------41,
1534,512,1,1,0,64,------381,441,0.86,------41,
1537,513,1,1,0,64,------381,441,0.86,------41,
1540,514,1,1,0,64,------381,441,0.86,------41,
1543,515,1,1,0,64,------381,441,0.86,------41,
1546,516,1,1,0,64,------381,441,0.86,------41,
1549,517,1,1,0,64,------381,441,0.86,------41,
1552,518,1,1,0,64,------381,441,0.86,------41,
1555,519,1,1,0,64,------381,441,0.86,------41,
1558,520,1,1,0,64,------381,441,0.86,------41,
1561,521,1,1,0,64,------381,441,0.86,------41,
1564,522,1,1,0,64,------381,441,0.86,------41,
1567,523,1,0,24,64,------357,441,0.81,------42,
1570,524,1,0,28,64,------329,441,0.75,------43,
1573,525,1,1,0,64,------329,441,0.75,------43,
1576,526,1,1,0,64,------329,441,0.75,------43,
1579,527,1,1,0,64,------329,441,0.75,------43,
1582,528,1,1,0,64,------329,441,0.75,------43,
1585,529,1,1,0,64,------329,441,0.75,------43,
1588,530,1,1,0,64,------329,441,0.75,------43,
1591,531,1,1,0,64,------329,441,0.75,------43,
1594,532,1,1,0,64,------329,441,0.75,------43,
1597,533,1,1,0,64,------329,441,0.75,------43,
1600,534,1,1,0,64,------329,441,0.75,------43,
1603,535,1,1,0,64,------329,441,0.75,------43,
1606,536,1,1,0,64,------329,441,0.75,------43,
1609,537,1,1,0,64,------329,441,0.75,------43,
1612,538,1,1,0,64,------329,441,0.75,------43,
1615,539,1,1,0,64,------329,441,0.75,------43,
1618,540,1,1,0,64,------329,441,0.75,------43,
1621,541,1,1,0,64,------329,441,0.75,------43,
1624,542,1,1,0,64,------329,441,0.75,------43,
1627,543,1,1,0,64,------329,441,0.75,------43,
1630,544,1,1,0,64,------329,441,0.75,------43,
1633,545,1,1,0,64,------329,441,0.75,------43,
1636,546,1,1,0,64,------329,441,0.75,------43,
1639,547,1,1,0,64,------329,441,0.75,------43,
1642,548,1,1,0,64,------329,441,0.75,------43,
1645,549,1,1,0,64,------329,441,0.75,------43,
1648,550,1,1,0,64,------329,441,0.75,------43,
1651,551,1,1,0,64,------329,441,0.75,------43,
1654,552,1,1,0,64,------329,441,0.75,------43,
1657,553,1,0,32,64,------297,441,0.67,------44,
1660,554,1,0,36,64,------261,441,0.59,------45,
1663,555,1,1,0,64,------261,441,0.59,------45,
1666,556,1,1,0,64,------261,441,0.59,------45,
1669,557,1,1,0,64,------261,441,0.59,------45,
1672,558,1,1,0,64,------261,441,0.59,------45,
1675,559,1,1,0,64,------261,441,0.59,------45,
1678,560,1,1,0,64,------261,441,0.59,------45,
1681,561,1,1,0,64,------261,441,0.59,------45,
1684,562,1,1,0,64,------261,441,0.59,------45,
1687,563,1,1,0,64,------261,441,0.59,------45,
1690,564,1,1,0,64,------261,441,0.59,------45,
1693,565,1,1,0,64,------261,441,0.59,------45,
1696,566,1,1,0,64,------261,441,0.59,------45,
1699,567,1,1,0,64,------261,441,0.59,------45,
1702,568,1,1,0,64,------261,441,0.59,------45,
1705,569,1,1,0,64,------261,441,0.59,------45,
1708,570,1,1,0,64,------261,441,0.59,------45,
1711,571,1,1,0,64,------261,441,0.59,------45,
1714,572,1,1,0,64,------261,441,0.59,------45,
1717,573,1,1,0,64,------261,441,0.59,------45,
1720,574,1,1,0,64,------261,441,0.59,------45,
1723,575,1,1,0,64,------261,441,0.59,------45,
1726,576,1,1,0,64,------261,441,0.59,------45,
1729,577,1,1,0,64,------261,441,0.59,------45,
1732,578,1,1,0,64,------261,441,0.59,------45,
1735,579,1,1,0,64,------261,441,0.59,------45,
1738,580,1,1,0,64,------261,441,0.59,------45,
1741,581,1,1,0,64,------261,441,0.59,------45,
1744,582,1,1,0,64,------261,441,0.59,------45,
1747,583,1,0,40,64,------221,441,0.5,------46,
1750,584,1,0,40,64,------181,361,0.5,------47,
1753,585,1,1,4,64,------185,441,0.42,------48,
1756,586,1,1,8,64,------193,441,0.44,------49,
1759,587,1,1,8,64,------201,441,0.46,------50,
1762,588,1,1,16,64,------217,441,0.49,------51,
1765,589,1,1,16,64,------233,441,0.53,------52,
1768,590,1,1,16,64,------249,441,0.56,------53,
1771,591,1,1,16,64,------265,441,0.6,------54,
1774,592,1,1,40,64,------305,441,0.69,------55,
1777,593,1,1,40,64,------345,441,0.78,------56,
1780,594,1,1,16,64,------361,441,0.82,------57,
1783,595,1,1,4,64,------365,441,0.83,------58,
1786,596,1,1,0,64,------365,441,0.83,------58,
1789,597,1,1,0,64,------365,441,0.83,------58,
1792,598,1,1,0,64,------365,441,0.83,------58,
1795,599,1,1,0,64,------365,441,0.83,------58,
1798,600,1,1,0,64,------365,441,0.83,------58,
1801,601,1,1,0,64,------365,441,0.83,------58,
1804,602,1,1,0,64,------365,441,0.83,------58,
1807,603,1,1,0,64,------365,441,0.83,------58,
1810,604,1,1,0,64,------365,441,0.83,------58,
1813,605,1,1,0,64,------365,441,0.83,------58,
1816,606,1,1,0,64,------365,441,0.83,------58,
1819,607,1,1,0,64,------365,441,0.83,------58,
1822,608,1,1,0,64,------365,441,0.83,------58,
1825,609,1,1,0,64,------365,441,0.83,------58,
1828,610,1,1,0,64,------365,441,0.83,------58,
1831,611,1,1,0,64,------365,441,0.83,------58,
1834,612,1,1,0,64,------365,441,0.83,------58,
1837,613,1,0,56,64,------309,441,0.7,------59,
1840,614,1,0,40,64,------269,441,0.61,------60,
1843,615,1,1,32,64,------301,441,0.68,------61,
1846,616,1,1,36,64,------337,441,0.76,------62,
1849,617,1,1,36,64,------373,441,0.85,------63,
1852,618,1,1,44,64,------417,441,0.95,------64,
1855,619,1,1,20,64,------437,441,0.99,------37,
1858,620,1,1,0,64,------437,441,0.99,------37,
1861,621,1,1,0,64,------437,441,0.99,------37,
1864,622,1,1,0,64,------437,441,0.99,------37,
1867,623,1,1,0,64,------437,441,0.99,------37,
1870,624,1,1,0,64,------437,441,0.99,------37,
1873,625,1,1,0,64,------437,441,0.99,------37,
1876,626,1,1,0,64,------437,441,0.99,------37,
1879,627,1,1,0,64,------437,441,0.99,------37,
1882,628,1,1,0,64,------437,441,0.99,------37,
1885,629,1,1,0,64,------437,441,0.99,------37,
1888,630,1,1,0,64,------437,441,0.99,------37,
1891,631,1,1,0,64,------437,441,0.99,------37,
1894,632,1,1,0,64,------437,441,0.99,------37,
1897,633,1,1,0,64,------437,441,0.99,------37,
1900,634,1,1,0,64,------437,441,0.99,------37,
1903,635,1,1,0,64,------437,441,0.99,------37,
1906,636,1,1,0,64,------437,441,0.99,------37,
1909,637,1,1,0,64,------437,441,0.99,------37,
1912,638,1,1,0,64,------437,441,0.99,------37,
1915,639,1,1,0,64,------437,441,0.99,------37,
1918,640,1,1,0,64,------437,441,0.99,------37,
1921,641,1,1,0,64,------437,441,0.99,------37,
1924,642,1,1,0,64,------437,441,0.99,------37,
1927,643,1,0,8,64,------429,441,0.97,------38,
1930,644,1,0,12,64,------417,441,0.95,------39,
1933,645,1,1,0,64,------417,441,0.95,------39,
1936,646,1,1,0,64,------417,441,0.95,------39,
1939,647,1,1,0,64,------417,441,0.95,------39,
1942,648,1,1,0,64,------417,441,0.95,------39,
1945,649,1,1,0,64,------417,441,0.95,------39,
1948,650,1,1,0,64,------417,441,0.95,------39,
1951,651,1,1,0,64,------417,441,0.95,------39,
1954,652,1,1,0,64,------417,441,0.95,------39,
1957,653,1,1,0,64,------417,441,0.95,------39,
1960,654,1,1,0,64,------417,441,0.95,------39,
1963,655,1,1,0,64,------417,441,0.95,------39,
1966,656,1,1,0,64,------417,441,0.95,------39,
1969,657,1,1,0,64,------417,441,0.95,------39,
1972,658,1,1,0,64,------417,441,0.95,------39,
1975,659,1,1,0,64,------417,441,0.95,------39,
1978,660,1,1,0,64,------417,441,0.95,------39,
1981,661,1,1,0,64,------417,441,0.95,------39,
1984,662,1,1,0,64,------417,441,0.95,------39,
1987,663,1,1,0,64,------417,441,0.95,------39,
1990,664,1,1,0,64,------417,441,0.95,------39,
1993,665,1,1,0,64,------417,441,0.95,------39,
1996,666,1,1,0,64,------417,441,0.95,------39,
1999,667,1,1,0,64,------417,441,0.95,------39,
2002,668,1,1,0,64,------417,441,0.95,------39,
2005,669,1,1,0,64,------417,441,0.95,------39,
2008,670,1,1,0,64,------417,441,0.95,------39,
2011,671,1,1,0,64,------417,441,0.95,------39,
2014,672,1,1,0,64,------417,441,0.95,------39,
2017,673,1,0,16,64,------401,441,0.91,------40,
2020,674,1,0,20,64,------381,441,0.86,------41,
2023,675,1,1,0,64,------381,441,0.86,------41,
2026,676,1,1,0,64,------381,441,0.86,------41,
2029,677,1,1,0,64,------381,441,0.86,------41,
2032,678,1,1,0,64,------381,441,0.86,------41,
2035,679,1,1,0,64,------381,441,0.86,------41,
2038,680,1,1,0,64,------381,441,0.86,------41,
2041,681,1,1,0,64,------381,441,0.86,------41,
2044,682,1,1,0,64,------381,441,0.86,------41,
2047,683,1,1,0,64,------381,441,0.86,------41,
2050,684,1,1,0,64,------381,441,0.86,------41,
2053,685,1,1,0,64,------381,441,0.86,------41,
2056,686,1,1,0,64,------381,441,0.86,------41,
2059,687,1,1,0,64,------381,441,0.86,------41,
2062,688,1,1,0,64,------381,441,0.86,------41,
2065,689,1,1,0,64,------381,441,0.86,------41,
2068,690,1,1,0,64,------381,441,0.86,------41,
2071,691,1,1,0,64,------381,441,0.86,------41,
2074,692,1,1,0,64,------381,441,0.86,------41,
2077,693,1,1,0,64,------381,441,0.86,------41,
2080,694,1,1,0,64,------381,441,0.86,------41,
2083,695,1,1,0,64,------381,441,0.86,------41,
2086,696,1,1,0,64,------381,441,0.86,------41,
2089,697,1,1,0,64,------381,441,0.86,------41,
2092,698,1,1,0,64,------381,441,0.86,------41,
2095,699,1,1,0,64,------381,441,0.86,------41,
2098,700,1,1,0,64,------381,441,0.86,------41,
2101,701,1,1,0,64,------381,441,0.86,------41,
2104,702,1,1,0,64,------381,441,0.86,------41,
2107,703,1,0,24,64,------357,441,0.81,------42,
2110,704,1,0,28,64,------329,441,0.75,------43,
2113,705,1,1,0,64,------329,441,0.75,------43,
2116,706,1,1,0,64,------329,441,0.75,------43,
2119,707,1,1,0,64,------329,441,0.75,------43,
2122,708,1,1,0,64,------329,441,0.75,------43,
2125,709,1,1,0,64,------329,441,0.75,------43,
2128,710,1,1,0,64,------329,441,0.75,------43,
2131,711,1,1,0,64,------329,441,0.75,------43,
2134,712,1,1,0,64,------329,441,0.75,------43,
2137,713,1,1,0,64,------329,441,0.75,------43,
2140,714,1,1,0,64,------329,441,0.75,------43,
2143,715,1,1,0,64,------329,441,0.75,------43,
2146,716,1,1,0,64,------329,441,0.75,------43,
2149,717,1,1,0,64,------329,441,0.75,------43,
2152,718,1,1,0,64,------329,441,0.75,------43,
2155,719,1,1,0,64,------329,441,0.75,------43,
2158,720,1,1,0,64,------329,441,0.75,------43,
2161,721,1,1,0,64,------329,441,0.75,------43,
2164,722,1,1,0,64,------329,441,0.75,------43,
2167,723,1,1,0,64,------329,441,0.75,------43,
2170,724,1,1,0,64,------329,441,0.75,------43,
2173,725,1,1,0,64,------329,441,0.75,------43,
2176,726,1,1,0,64,------329,441,0.75,------43,
2179,727,1,1,0,64,------329,441,0.75,------43,
2182,728,1,1,0,64,------329,441,0.75,------43,
2185,729,1,1,0,64,------329,441,0.75,------43,
2188,730,1,1,0,64,------329,441,0.75,------43,
2191,731,1,1,0,64,------329,441,0.75,------43,
2194,732,1,1,0,64,------329,441,0.75,------43,
2197,733,1,0,32,64,------297,441,0.67,------44,
2200,734,1,0,36,64,------261,441,0.59,------45,
2203,735,1,1,0,64,------261,441,0.59,------45,
2206,736,1,1,0,64,------261,441,0.59,------45,
2209,737,1,1,0,64,------261,441,0.59,------45,
2212,738,1,1,0,64,------261,441,0.59,------45,
2215,739,1,1,0,64,------261,441,0.59,------45,
2218,740,1,1,0,64,------261,441,0.59,------45,
2221,741,1,1,0,64,------261,441,0.59,------45,
2224,742,1,1,0,64,------261,441,0.59,------45,
2227,743,1,1,0,64,------261,441,0.59,------45,
2230,744,1,1,0,64,------261,441,0.59,------45,
