L0A29-->Columns Header:, LevelCount, AutomataStep, AggregateState, Goal, StateDifference, DiversityCounter, LiveCellsCount, LiveCellsArea, LiveCellsDensity, StateId
1,1,0,1,0,1,------5,9,0.56,------1,
4,2,0,1,4,2,------9,25,0.36,------2,
7,3,0,1,12,3,------21,49,0.43,------3,
10,4,0,1,8,4,------29,81,0.36,------4,
13,5,0,1,12,5,------41,121,0.34,------5,
16,6,1,1,12,6,------53,169,0.31,------6,
19,7,1,1,36,7,------89,225,0.4,------7,
22,8,1,1,28,8,------117,289,0.4,------8,
25,9,1,0,32,9,------85,169,0.5,------9,
28,10,1,0,24,10,------61,121,0.5,------10,
31,11,0,0,20,11,------41,81,0.51,------11,
34,12,0,0,16,12,------25,49,0.51,------12,
37,13,0,0,12,13,------13,25,0.52,------13,
40,14,0,0,8,13,------5,9,0.56,------1,
43,15,0,1,4,13,------9,25,0.36,------2,
46,16,0,1,12,13,------21,49,0.43,------3,
49,17,0,1,8,13,------29,81,0.36,------4,
52,18,0,1,12,13,------41,121,0.34,------5,
55,19,1,1,12,13,------53,169,0.31,------6,
58,20,1,1,36,13,------89,225,0.4,------7,
61,21,1,1,28,13,------117,289,0.4,------8,
64,22,1,1,12,14,------129,361,0.36,------14,
67,23,1,1,12,15,------141,441,0.32,------15,
70,24,1,1,32,16,------173,441,0.39,------16,
73,25,1,1,24,17,------197,441,0.45,------17,
76,26,1,1,24,18,------221,441,0.5,------18,
79,27,1,0,72,19,------149,441,0.34,------19,
82,28,1,0,40,20,------109,361,0.3,------20,
85,29,1,0,20,21,------89,289,0.31,------21,
88,30,1,0,16,22,------73,225,0.32,------22,
91,31,1,0,12,23,------61,169,0.36,------23,
94,32,1,0,12,24,------49,121,0.4,------24,
97,33,1,1,20,25,------69,169,0.41,------25,
100,34,1,1,32,26,------101,225,0.45,------26,
103,35,1,1,16,26,------117,289,0.4,------8,
106,36,1,1,12,26,------129,361,0.36,------14,
109,37,1,1,12,26,------141,441,0.32,------15,
112,38,1,1,32,26,------173,441,0.39,------16,
115,39,1,0,72,27,------101,441,0.23,------27,
118,40,1,0,40,27,------61,121,0.5,------10,
121,41,0,0,20,27,------41,81,0.51,------11,
124,42,0,0,16,27,------25,49,0.51,------12,
127,43,0,0,12,27,------13,25,0.52,------13,
130,44,0,0,8,27,------5,9,0.56,------1,
133,45,0,1,4,27,------9,25,0.36,------2,
136,46,0,1,12,27,------21,49,0.43,------3,
139,47,0,1,8,27,------29,81,0.36,------4,
142,48,0,1,12,27,------41,121,0.34,------5,
145,49,1,1,12,27,------53,169,0.31,------6,
148,50,1,1,36,27,------89,225,0.4,------7,
151,51,1,1,28,27,------117,289,0.4,------8,
154,52,1,1,12,27,------129,361,0.36,------14,
157,53,1,1,12,27,------141,441,0.32,------15,
160,54,1,1,32,27,------173,441,0.39,------16,
163,55,1,1,24,27,------197,441,0.45,------17,
166,56,1,1,24,27,------221,441,0.5,------18,
169,57,1,0,72,27,------149,441,0.34,------19,
172,58,1,0,40,27,------109,361,0.3,------20,
175,59,1,0,20,27,------89,289,0.31,------21,
178,60,1,0,16,27,------73,225,0.32,------22,
181,61,1,0,12,27,------61,169,0.36,------23,
184,62,1,0,12,27,------49,121,0.4,------24,
187,63,1,1,20,27,------69,169,0.41,------25,
190,64,1,1,32,27,------101,225,0.45,------26,
193,65,1,1,16,27,------117,289,0.4,------8,
196,66,1,1,12,27,------129,361,0.36,------14,
199,67,1,1,12,27,------141,441,0.32,------15,
202,68,1,1,32,27,------173,441,0.39,------16,
205,69,1,0,72,27,------101,441,0.23,------27,
208,70,1,0,40,27,------61,121,0.5,------10,
211,71,0,0,20,27,------41,81,0.51,------11,
214,72,0,0,16,27,------25,49,0.51,------12,
217,73,0,0,12,27,------13,25,0.52,------13,
220,74,0,0,8,27,------5,9,0.56,------1,
223,75,0,1,4,27,------9,25,0.36,------2,
226,76,0,1,12,27,------21,49,0.43,------3,
229,77,0,1,8,27,------29,81,0.36,------4,
232,78,0,1,12,27,------41,121,0.34,------5,
235,79,1,1,12,27,------53,169,0.31,------6,
238,80,1,1,36,27,------89,225,0.4,------7,
241,81,1,1,28,27,------117,289,0.4,------8,
244,82,1,1,12,27,------129,361,0.36,------14,
247,83,1,1,12,27,------141,441,0.32,------15,
250,84,1,1,32,27,------173,441,0.39,------16,
253,85,1,1,24,27,------197,441,0.45,------17,
256,86,1,1,24,27,------221,441,0.5,------18,
259,87,1,0,72,27,------149,441,0.34,------19,
262,88,1,0,40,27,------109,361,0.3,------20,
265,89,1,0,20,27,------89,289,0.31,------21,
268,90,1,0,16,27,------73,225,0.32,------22,
271,91,1,0,12,27,------61,169,0.36,------23,
274,92,1,0,12,27,------49,121,0.4,------24,
277,93,1,1,20,27,------69,169,0.41,------25,
280,94,1,1,32,27,------101,225,0.45,------26,
283,95,1,1,16,27,------117,289,0.4,------8,
286,96,1,1,12,27,------129,361,0.36,------14,
289,97,1,1,12,27,------141,441,0.32,------15,
292,98,1,1,32,27,------173,441,0.39,------16,
295,99,1,0,72,27,------101,441,0.23,------27,
298,100,1,0,40,27,------61,121,0.5,------10,
301,101,0,0,20,27,------41,81,0.51,------11,
304,102,0,0,16,27,------25,49,0.51,------12,
307,103,0,0,12,27,------13,25,0.52,------13,
310,104,0,0,8,27,------5,9,0.56,------1,
313,105,0,1,4,27,------9,25,0.36,------2,
316,106,0,1,12,27,------21,49,0.43,------3,
319,107,0,1,8,27,------29,81,0.36,------4,
322,108,0,1,12,27,------41,121,0.34,------5,
325,109,1,1,12,27,------53,169,0.31,------6,
328,110,1,1,36,27,------89,225,0.4,------7,
331,111,1,1,28,27,------117,289,0.4,------8,
334,112,1,1,12,27,------129,361,0.36,------14,
337,113,1,1,12,27,------141,441,0.32,------15,
340,114,1,1,32,27,------173,441,0.39,------16,
343,115,1,1,24,27,------197,441,0.45,------17,
346,116,1,1,24,27,------221,441,0.5,------18,
349,117,1,0,72,27,------149,441,0.34,------19,
352,118,1,0,40,27,------109,361,0.3,------20,
355,119,1,0,20,27,------89,289,0.31,------21,
358,120,1,0,16,27,------73,225,0.32,------22,
361,121,1,0,12,27,------61,169,0.36,------23,
364,122,1,0,12,27,------49,121,0.4,------24,
367,123,1,1,20,27,------69,169,0.41,------25,
370,124,1,1,32,27,------101,225,0.45,------26,
373,125,1,1,16,27,------117,289,0.4,------8,
376,126,1,1,12,27,------129,361,0.36,------14,
379,127,1,1,12,27,------141,441,0.32,------15,
382,128,1,1,32,27,------173,441,0.39,------16,
385,129,1,0,72,27,------101,441,0.23,------27,
388,130,1,0,40,27,------61,121,0.5,------10,
391,131,0,0,20,27,------41,81,0.51,------11,
394,132,0,0,16,27,------25,49,0.51,------12,
397,133,0,0,12,27,------13,25,0.52,------13,
400,134,0,0,8,27,------5,9,0.56,------1,
403,135,0,1,4,27,------9,25,0.36,------2,
406,136,0,1,12,27,------21,49,0.43,------3,
409,137,0,1,8,27,------29,81,0.36,------4,
412,138,0,1,12,27,------41,121,0.34,------5,
415,139,1,1,12,27,------53,169,0.31,------6,
418,140,1,1,36,27,------89,225,0.4,------7,
421,141,1,1,28,27,------117,289,0.4,------8,
424,142,1,1,12,27,------129,361,0.36,------14,
427,143,1,1,12,27,------141,441,0.32,------15,
430,144,1,1,32,27,------173,441,0.39,------16,
433,145,1,1,24,27,------197,441,0.45,------17,
436,146,1,1,24,27,------221,441,0.5,------18,
439,147,1,0,72,27,------149,441,0.34,------19,
442,148,1,0,40,27,------109,361,0.3,------20,
445,149,1,0,20,27,------89,289,0.31,------21,
448,150,1,0,16,27,------73,225,0.32,------22,
451,151,1,0,12,27,------61,169,0.36,------23,
454,152,1,0,12,27,------49,121,0.4,------24,
457,153,1,1,20,27,------69,169,0.41,------25,
460,154,1,1,32,27,------101,225,0.45,------26,
463,155,1,1,16,27,------117,289,0.4,------8,
466,156,1,1,12,27,------129,361,0.36,------14,
469,157,1,1,12,27,------141,441,0.32,------15,
472,158,1,1,32,27,------173,441,0.39,------16,
475,159,1,0,72,27,------101,441,0.23,------27,
478,160,1,0,40,27,------61,121,0.5,------10,
481,161,0,0,20,27,------41,81,0.51,------11,
484,162,0,0,16,27,------25,49,0.51,------12,
487,163,0,0,12,27,------13,25,0.52,------13,
490,164,0,0,8,27,------5,9,0.56,------1,
493,165,0,1,4,27,------9,25,0.36,------2,
496,166,0,1,12,27,------21,49,0.43,------3,
499,167,0,1,8,27,------29,81,0.36,------4,
502,168,0,1,12,27,------41,121,0.34,------5,
505,169,1,1,12,27,------53,169,0.31,------6,
508,170,1,1,36,27,------89,225,0.4,------7,
511,171,1,1,28,27,------117,289,0.4,------8,
514,172,1,1,12,27,------129,361,0.36,------14,
517,173,1,1,12,27,------141,441,0.32,------15,
520,174,1,1,32,27,------173,441,0.39,------16,
523,175,1,1,24,27,------197,441,0.45,------17,
526,176,1,1,24,27,------221,441,0.5,------18,
529,177,1,0,72,27,------149,441,0.34,------19,
532,178,1,0,40,27,------109,361,0.3,------20,
535,179,1,0,20,27,------89,289,0.31,------21,
538,180,1,0,16,27,------73,225,0.32,------22,
541,181,1,0,12,27,------61,169,0.36,------23,
544,182,1,0,12,27,------49,121,0.4,------24,
547,183,1,1,20,27,------69,169,0.41,------25,
550,184,1,1,32,27,------101,225,0.45,------26,
553,185,1,1,16,27,------117,289,0.4,------8,
556,186,1,1,12,27,------129,361,0.36,------14,
559,187,1,1,12,27,------141,441,0.32,------15,
562,188,1,1,32,27,------173,441,0.39,------16,
565,189,1,0,72,27,------101,441,0.23,------27,
568,190,1,0,40,27,------61,121,0.5,------10,
571,191,0,0,20,27,------41,81,0.51,------11,
574,192,0,0,16,27,------25,49,0.51,------12,
577,193,0,0,12,27,------13,25,0.52,------13,
580,194,0,0,8,27,------5,9,0.56,------1,
583,195,0,1,4,27,------9,25,0.36,------2,
586,196,0,1,12,27,------21,49,0.43,------3,
589,197,0,1,8,27,------29,81,0.36,------4,
592,198,0,1,12,27,------41,121,0.34,------5,
595,199,1,1,12,27,------53,169,0.31,------6,
598,200,1,1,36,27,------89,225,0.4,------7,
601,201,1,1,28,27,------117,289,0.4,------8,
604,202,1,1,12,27,------129,361,0.36,------14,
607,203,1,1,12,27,------141,441,0.32,------15,
610,204,1,1,32,27,------173,441,0.39,------16,
613,205,1,1,24,27,------197,441,0.45,------17,
616,206,1,1,24,27,------221,441,0.5,------18,
619,207,1,0,72,27,------149,441,0.34,------19,
622,208,1,0,40,27,------109,361,0.3,------20,
625,209,1,0,20,27,------89,289,0.31,------21,
628,210,1,0,16,27,------73,225,0.32,------22,
631,211,1,0,12,27,------61,169,0.36,------23,
634,212,1,0,12,27,------49,121,0.4,------24,
637,213,1,1,20,27,------69,169,0.41,------25,
640,214,1,1,32,27,------101,225,0.45,------26,
643,215,1,1,16,27,------117,289,0.4,------8,
646,216,1,1,12,27,------129,361,0.36,------14,
649,217,1,1,12,27,------141,441,0.32,------15,
652,218,1,1,32,27,------173,441,0.39,------16,
655,219,1,0,72,27,------101,441,0.23,------27,
658,220,1,0,40,27,------61,121,0.5,------10,
661,221,0,0,20,27,------41,81,0.51,------11,
664,222,0,0,16,27,------25,49,0.51,------12,
667,223,0,0,12,27,------13,25,0.52,------13,
670,224,0,0,8,27,------5,9,0.56,------1,
673,225,0,1,4,27,------9,25,0.36,------2,
676,226,0,1,12,27,------21,49,0.43,------3,
679,227,0,1,8,27,------29,81,0.36,------4,
682,228,0,1,12,27,------41,121,0.34,------5,
685,229,1,1,12,27,------53,169,0.31,------6,
688,230,1,1,36,27,------89,225,0.4,------7,
691,231,1,1,28,27,------117,289,0.4,------8,
694,232,1,1,12,27,------129,361,0.36,------14,
697,233,1,1,12,27,------141,441,0.32,------15,
700,234,1,1,32,27,------173,441,0.39,------16,
703,235,1,1,24,27,------197,441,0.45,------17,
706,236,1,1,24,27,------221,441,0.5,------18,
709,237,1,0,72,27,------149,441,0.34,------19,
712,238,1,0,40,27,------109,361,0.3,------20,
715,239,1,0,20,27,------89,289,0.31,------21,
718,240,1,0,16,27,------73,225,0.32,------22,
721,241,1,0,12,27,------61,169,0.36,------23,
724,242,1,0,12,27,------49,121,0.4,------24,
727,243,1,1,20,27,------69,169,0.41,------25,
730,244,1,1,32,27,------101,225,0.45,------26,
733,245,1,1,16,27,------117,289,0.4,------8,
736,246,1,1,12,27,------129,361,0.36,------14,
739,247,1,1,12,27,------141,441,0.32,------15,
742,248,1,1,32,27,------173,441,0.39,------16,
745,249,1,0,72,27,------101,441,0.23,------27,
748,250,1,0,40,27,------61,121,0.5,------10,
751,251,0,0,20,27,------41,81,0.51,------11,
754,252,0,0,16,27,------25,49,0.51,------12,
757,253,0,0,12,27,------13,25,0.52,------13,
760,254,0,0,8,27,------5,9,0.56,------1,
763,255,0,1,4,27,------9,25,0.36,------2,
766,256,0,1,12,27,------21,49,0.43,------3,
769,257,0,1,8,27,------29,81,0.36,------4,
772,258,0,1,12,27,------41,121,0.34,------5,
775,259,1,1,12,27,------53,169,0.31,------6,
778,260,1,1,36,27,------89,225,0.4,------7,
781,261,1,1,28,27,------117,289,0.4,------8,
784,262,1,1,12,27,------129,361,0.36,------14,
787,263,1,1,12,27,------141,441,0.32,------15,
790,264,1,1,32,27,------173,441,0.39,------16,
793,265,1,1,24,27,------197,441,0.45,------17,
796,266,1,1,24,27,------221,441,0.5,------18,
799,267,1,0,72,27,------149,441,0.34,------19,
802,268,1,0,40,27,------109,361,0.3,------20,
805,269,1,0,20,27,------89,289,0.31,------21,
808,270,1,0,16,27,------73,225,0.32,------22,
811,271,1,0,12,27,------61,169,0.36,------23,
814,272,1,0,12,27,------49,121,0.4,------24,
817,273,1,1,20,27,------69,169,0.41,------25,
820,274,1,1,32,27,------101,225,0.45,------26,
823,275,1,1,16,27,------117,289,0.4,------8,
826,276,1,1,12,27,------129,361,0.36,------14,
829,277,1,1,12,27,------141,441,0.32,------15,
832,278,1,1,32,27,------173,441,0.39,------16,
835,279,1,0,72,27,------101,441,0.23,------27,
838,280,1,0,40,27,------61,121,0.5,------10,
841,281,0,0,20,27,------41,81,0.51,------11,
844,282,0,0,16,27,------25,49,0.51,------12,
847,283,0,0,12,27,------13,25,0.52,------13,
850,284,0,0,8,27,------5,9,0.56,------1,
853,285,0,1,4,27,------9,25,0.36,------2,
856,286,0,1,12,27,------21,49,0.43,------3,
859,287,0,1,8,27,------29,81,0.36,------4,
862,288,0,1,12,27,------41,121,0.34,------5,
865,289,1,1,12,27,------53,169,0.31,------6,
868,290,1,1,36,27,------89,225,0.4,------7,
871,291,1,1,28,27,------117,289,0.4,------8,
874,292,1,1,12,27,------129,361,0.36,------14,
877,293,1,1,12,27,------141,441,0.32,------15,
880,294,1,1,32,27,------173,441,0.39,------16,
883,295,1,1,24,27,------197,441,0.45,------17,
886,296,1,1,24,27,------221,441,0.5,------18,
889,297,1,0,72,27,------149,441,0.34,------19,
892,298,1,0,40,27,------109,361,0.3,------20,
895,299,1,0,20,27,------89,289,0.31,------21,
898,300,1,0,16,27,------73,225,0.32,------22,
901,301,1,0,12,27,------61,169,0.36,------23,
904,302,1,0,12,27,------49,121,0.4,------24,
907,303,1,1,20,27,------69,169,0.41,------25,
910,304,1,1,32,27,------101,225,0.45,------26,
913,305,1,1,16,27,------117,289,0.4,------8,
916,306,1,1,12,27,------129,361,0.36,------14,
919,307,1,1,12,27,------141,441,0.32,------15,
922,308,1,1,32,27,------173,441,0.39,------16,
925,309,1,0,72,27,------101,441,0.23,------27,
928,310,1,0,40,27,------61,121,0.5,------10,
931,311,0,0,20,27,------41,81,0.51,------11,
934,312,0,0,16,27,------25,49,0.51,------12,
937,313,0,0,12,27,------13,25,0.52,------13,
940,314,0,0,8,27,------5,9,0.56,------1,
943,315,0,1,4,27,------9,25,0.36,------2,
946,316,0,1,12,27,------21,49,0.43,------3,
949,317,0,1,8,27,------29,81,0.36,------4,
952,318,0,1,12,27,------41,121,0.34,------5,
955,319,1,1,12,27,------53,169,0.31,------6,
958,320,1,1,36,27,------89,225,0.4,------7,
961,321,1,1,28,27,------117,289,0.4,------8,
964,322,1,1,12,27,------129,361,0.36,------14,
967,323,1,1,12,27,------141,441,0.32,------15,
970,324,1,1,32,27,------173,441,0.39,------16,
973,325,1,1,24,27,------197,441,0.45,------17,
976,326,1,1,24,27,------221,441,0.5,------18,
979,327,1,0,72,27,------149,441,0.34,------19,
982,328,1,0,40,27,------109,361,0.3,------20,
985,329,1,0,20,27,------89,289,0.31,------21,
988,330,1,0,16,27,------73,225,0.32,------22,
991,331,1,0,12,27,------61,169,0.36,------23,
994,332,1,0,12,27,------49,121,0.4,------24,
997,333,1,1,20,27,------69,169,0.41,------25,
1000,334,1,1,32,27,------101,225,0.45,------26,
1003,335,1,1,16,27,------117,289,0.4,------8,
1006,336,1,1,12,27,------129,361,0.36,------14,
1009,337,1,1,12,27,------141,441,0.32,------15,
1012,338,1,1,32,27,------173,441,0.39,------16,
1015,339,1,0,72,27,------101,441,0.23,------27,
1018,340,1,0,40,27,------61,121,0.5,------10,
1021,341,0,0,20,27,------41,81,0.51,------11,
1024,342,0,0,16,27,------25,49,0.51,------12,
1027,343,0,0,12,27,------13,25,0.52,------13,
1030,344,0,0,8,27,------5,9,0.56,------1,
1033,345,0,1,4,27,------9,25,0.36,------2,
1036,346,0,1,12,27,------21,49,0.43,------3,
1039,347,0,1,8,27,------29,81,0.36,------4,
1042,348,0,1,12,27,------41,121,0.34,------5,
1045,349,1,1,12,27,------53,169,0.31,------6,
1048,350,1,1,36,27,------89,225,0.4,------7,
1051,351,1,1,28,27,------117,289,0.4,------8,
1054,352,1,1,12,27,------129,361,0.36,------14,
1057,353,1,1,12,27,------141,441,0.32,------15,
1060,354,1,1,32,27,------173,441,0.39,------16,
1063,355,1,1,24,27,------197,441,0.45,------17,
1066,356,1,1,24,27,------221,441,0.5,------18,
1069,357,1,0,72,27,------149,441,0.34,------19,
1072,358,1,0,40,27,------109,361,0.3,------20,
1075,359,1,0,20,27,------89,289,0.31,------21,
1078,360,1,0,16,27,------73,225,0.32,------22,
1081,361,1,0,12,27,------61,169,0.36,------23,
1084,362,1,0,12,27,------49,121,0.4,------24,
1087,363,1,1,20,27,------69,169,0.41,------25,
1090,364,1,1,32,27,------101,225,0.45,------26,
1093,365,1,1,16,27,------117,289,0.4,------8,
1096,366,1,1,12,27,------129,361,0.36,------14,
1099,367,1,1,12,27,------141,441,0.32,------15,
1102,368,1,1,32,27,------173,441,0.39,------16,
1105,369,1,0,72,27,------101,441,0.23,------27,
1108,370,1,0,40,27,------61,121,0.5,------10,
1111,371,0,0,20,27,------41,81,0.51,------11,
1114,372,0,0,16,27,------25,49,0.51,------12,
1117,373,0,0,12,27,------13,25,0.52,------13,
1120,374,0,0,8,27,------5,9,0.56,------1,
1123,375,0,1,4,27,------9,25,0.36,------2,
1126,376,0,1,12,27,------21,49,0.43,------3,
1129,377,0,1,8,27,------29,81,0.36,------4,
1132,378,0,1,12,27,------41,121,0.34,------5,
1135,379,1,1,12,27,------53,169,0.31,------6,
1138,380,1,1,36,27,------89,225,0.4,------7,
1141,381,1,1,28,27,------117,289,0.4,------8,
1144,382,1,1,12,27,------129,361,0.36,------14,
1147,383,1,1,12,27,------141,441,0.32,------15,
1150,384,1,1,32,27,------173,441,0.39,------16,
1153,385,1,1,24,27,------197,441,0.45,------17,
1156,386,1,1,24,27,------221,441,0.5,------18,
1159,387,1,0,72,27,------149,441,0.34,------19,
1162,388,1,0,40,27,------109,361,0.3,------20,
1165,389,1,0,20,27,------89,289,0.31,------21,
1168,390,1,0,16,27,------73,225,0.32,------22,
1171,391,1,0,12,27,------61,169,0.36,------23,
1174,392,1,0,12,27,------49,121,0.4,------24,
1177,393,1,1,20,27,------69,169,0.41,------25,
1180,394,1,1,32,27,------101,225,0.45,------26,
1183,395,1,1,16,27,------117,289,0.4,------8,
1186,396,1,1,12,27,------129,361,0.36,------14,
1189,397,1,1,12,27,------141,441,0.32,------15,
1192,398,1,1,32,27,------173,441,0.39,------16,
1195,399,1,0,72,27,------101,441,0.23,------27,
1198,400,1,0,40,27,------61,121,0.5,------10,
1201,401,0,0,20,27,------41,81,0.51,------11,
1204,402,0,0,16,27,------25,49,0.51,------12,
1207,403,0,0,12,27,------13,25,0.52,------13,
1210,404,0,0,8,27,------5,9,0.56,------1,
1213,405,0,1,4,27,------9,25,0.36,------2,
1216,406,0,1,12,27,------21,49,0.43,------3,
1219,407,0,1,8,27,------29,81,0.36,------4,
1222,408,0,1,12,27,------41,121,0.34,------5,
1225,409,1,1,12,27,------53,169,0.31,------6,
1228,410,1,1,36,27,------89,225,0.4,------7,
1231,411,1,1,28,27,------117,289,0.4,------8,
1234,412,1,1,12,27,------129,361,0.36,------14,
1237,413,1,1,12,27,------141,441,0.32,------15,
1240,414,1,1,32,27,------173,441,0.39,------16,
1243,415,1,1,24,27,------197,441,0.45,------17,
1246,416,1,1,24,27,------221,441,0.5,------18,
1249,417,1,0,72,27,------149,441,0.34,------19,
1252,418,1,0,40,27,------109,361,0.3,------20,
1255,419,1,0,20,27,------89,289,0.31,------21,
1258,420,1,0,16,27,------73,225,0.32,------22,
1261,421,1,0,12,27,------61,169,0.36,------23,
1264,422,1,0,12,27,------49,121,0.4,------24,
1267,423,1,1,20,27,------69,169,0.41,------25,
1270,424,1,1,32,27,------101,225,0.45,------26,
1273,425,1,1,16,27,------117,289,0.4,------8,
1276,426,1,1,12,27,------129,361,0.36,------14,
1279,427,1,1,12,27,------141,441,0.32,------15,
1282,428,1,1,32,27,------173,441,0.39,------16,
1285,429,1,0,72,27,------101,441,0.23,------27,
1288,430,1,0,40,27,------61,121,0.5,------10,
1291,431,0,0,20,27,------41,81,0.51,------11,
1294,432,0,0,16,27,------25,49,0.51,------12,
1297,433,0,0,12,27,------13,25,0.52,------13,
1300,434,0,0,8,27,------5,9,0.56,------1,
1303,435,0,1,4,27,------9,25,0.36,------2,
1306,436,0,1,12,27,------21,49,0.43,------3,
1309,437,0,1,8,27,------29,81,0.36,------4,
1312,438,0,1,12,27,------41,121,0.34,------5,
1315,439,1,1,12,27,------53,169,0.31,------6,
1318,440,1,1,36,27,------89,225,0.4,------7,
1321,441,1,1,28,27,------117,289,0.4,------8,
1324,442,1,1,12,27,------129,361,0.36,------14,
1327,443,1,1,12,27,------141,441,0.32,------15,
1330,444,1,1,32,27,------173,441,0.39,------16,
1333,445,1,1,24,27,------197,441,0.45,------17,
1336,446,1,1,24,27,------221,441,0.5,------18,
1339,447,1,0,72,27,------149,441,0.34,------19,
1342,448,1,0,40,27,------109,361,0.3,------20,
1345,449,1,0,20,27,------89,289,0.31,------21,
1348,450,1,0,16,27,------73,225,0.32,------22,
1351,451,1,0,12,27,------61,169,0.36,------23,
1354,452,1,0,12,27,------49,121,0.4,------24,
1357,453,1,1,20,27,------69,169,0.41,------25,
1360,454,1,1,32,27,------101,225,0.45,------26,
1363,455,1,1,16,27,------117,289,0.4,------8,
1366,456,1,1,12,27,------129,361,0.36,------14,
1369,457,1,1,12,27,------141,441,0.32,------15,
1372,458,1,1,32,27,------173,441,0.39,------16,
1375,459,1,0,72,27,------101,441,0.23,------27,
1378,460,1,0,40,27,------61,121,0.5,------10,
1381,461,0,0,20,27,------41,81,0.51,------11,
1384,462,0,0,16,27,------25,49,0.51,------12,
1387,463,0,0,12,27,------13,25,0.52,------13,
1390,464,0,0,8,27,------5,9,0.56,------1,
1393,465,0,1,4,27,------9,25,0.36,------2,
1396,466,0,1,12,27,------21,49,0.43,------3,
1399,467,0,1,8,27,------29,81,0.36,------4,
1402,468,0,1,12,27,------41,121,0.34,------5,
1405,469,1,1,12,27,------53,169,0.31,------6,
1408,470,1,1,36,27,------89,225,0.4,------7,
1411,471,1,1,28,27,------117,289,0.4,------8,
1414,472,1,1,12,27,------129,361,0.36,------14,
1417,473,1,1,12,27,------141,441,0.32,------15,
1420,474,1,1,32,27,------173,441,0.39,------16,
1423,475,1,1,24,27,------197,441,0.45,------17,
1426,476,1,1,24,27,------221,441,0.5,------18,
1429,477,1,0,72,27,------149,441,0.34,------19,
1432,478,1,0,40,27,------109,361,0.3,------20,
1435,479,1,0,20,27,------89,289,0.31,------21,
1438,480,1,0,16,27,------73,225,0.32,------22,
1441,481,1,0,12,27,------61,169,0.36,------23,
1444,482,1,0,12,27,------49,121,0.4,------24,
1447,483,1,1,20,27,------69,169,0.41,------25,
1450,484,1,1,32,27,------101,225,0.45,------26,
1453,485,1,1,16,27,------117,289,0.4,------8,
1456,486,1,1,12,27,------129,361,0.36,------14,
1459,487,1,1,12,27,------141,441,0.32,------15,
1462,488,1,1,32,27,------173,441,0.39,------16,
1465,489,1,0,72,27,------101,441,0.23,------27,
1468,490,1,0,40,27,------61,121,0.5,------10,
1471,491,0,0,20,27,------41,81,0.51,------11,
1474,492,0,0,16,27,------25,49,0.51,------12,
1477,493,0,0,12,27,------13,25,0.52,------13,
1480,494,0,0,8,27,------5,9,0.56,------1,
1483,495,0,1,4,27,------9,25,0.36,------2,
1486,496,0,1,12,27,------21,49,0.43,------3,
1489,497,0,1,8,27,------29,81,0.36,------4,
1492,498,0,1,12,27,------41,121,0.34,------5,
1495,499,1,1,12,27,------53,169,0.31,------6,
1498,500,1,1,36,27,------89,225,0.4,------7,
1501,501,1,1,28,27,------117,289,0.4,------8,
1504,502,1,1,12,27,------129,361,0.36,------14,
1507,503,1,1,12,27,------141,441,0.32,------15,
1510,504,1,1,32,27,------173,441,0.39,------16,
1513,505,1,1,24,27,------197,441,0.45,------17,
1516,506,1,1,24,27,------221,441,0.5,------18,
1519,507,1,0,72,27,------149,441,0.34,------19,
1522,508,1,0,40,27,------109,361,0.3,------20,
1525,509,1,0,20,27,------89,289,0.31,------21,
1528,510,1,0,16,27,------73,225,0.32,------22,
1531,511,1,0,12,27,------61,169,0.36,------23,
1534,512,1,0,12,27,------49,121,0.4,------24,
1537,513,1,1,20,27,------69,169,0.41,------25,
1540,514,1,1,32,27,------101,225,0.45,------26,
1543,515,1,1,16,27,------117,289,0.4,------8,
1546,516,1,1,12,27,------129,361,0.36,------14,
1549,517,1,1,12,27,------141,441,0.32,------15,
1552,518,1,1,32,27,------173,441,0.39,------16,
1555,519,1,0,72,27,------101,441,0.23,------27,
1558,520,1,0,40,27,------61,121,0.5,------10,
1561,521,0,0,20,27,------41,81,0.51,------11,
1564,522,0,0,16,27,------25,49,0.51,------12,
1567,523,0,0,12,27,------13,25,0.52,------13,
1570,524,0,0,8,27,------5,9,0.56,------1,
1573,525,0,1,4,27,------9,25,0.36,------2,
1576,526,0,1,12,27,------21,49,0.43,------3,
1579,527,0,1,8,27,------29,81,0.36,------4,
1582,528,0,1,12,27,------41,121,0.34,------5,
1585,529,1,1,12,27,------53,169,0.31,------6,
1588,530,1,1,36,27,------89,225,0.4,------7,
1591,531,1,1,28,27,------117,289,0.4,------8,
1594,532,1,1,12,27,------129,361,0.36,------14,
1597,533,1,1,12,27,------141,441,0.32,------15,
1600,534,1,1,32,27,------173,441,0.39,------16,
1603,535,1,1,24,27,------197,441,0.45,------17,
1606,536,1,1,24,27,------221,441,0.5,------18,
1609,537,1,0,72,27,------149,441,0.34,------19,
1612,538,1,0,40,27,------109,361,0.3,------20,
1615,539,1,0,20,27,------89,289,0.31,------21,
1618,540,1,0,16,27,------73,225,0.32,------22,
1621,541,1,0,12,27,------61,169,0.36,------23,
1624,542,1,0,12,27,------49,121,0.4,------24,
1627,543,1,1,20,27,------69,169,0.41,------25,
1630,544,1,1,32,27,------101,225,0.45,------26,
1633,545,1,1,16,27,------117,289,0.4,------8,
1636,546,1,1,12,27,------129,361,0.36,------14,
1639,547,1,1,12,27,------141,441,0.32,------15,
1642,548,1,1,32,27,------173,441,0.39,------16,
1645,549,1,0,72,27,------101,441,0.23,------27,
1648,550,1,0,40,27,------61,121,0.5,------10,
1651,551,0,0,20,27,------41,81,0.51,------11,
1654,552,0,0,16,27,------25,49,0.51,------12,
1657,553,0,0,12,27,------13,25,0.52,------13,
1660,554,0,0,8,27,------5,9,0.56,------1,
1663,555,0,1,4,27,------9,25,0.36,------2,
1666,556,0,1,12,27,------21,49,0.43,------3,
1669,557,0,1,8,27,------29,81,0.36,------4,
1672,558,0,1,12,27,------41,121,0.34,------5,
1675,559,1,1,12,27,------53,169,0.31,------6,
1678,560,1,1,36,27,------89,225,0.4,------7,
1681,561,1,1,28,27,------117,289,0.4,------8,
1684,562,1,1,12,27,------129,361,0.36,------14,
1687,563,1,1,12,27,------141,441,0.32,------15,
1690,564,1,1,32,27,------173,441,0.39,------16,
1693,565,1,1,24,27,------197,441,0.45,------17,
1696,566,1,1,24,27,------221,441,0.5,------18,
1699,567,1,0,72,27,------149,441,0.34,------19,
1702,568,1,0,40,27,------109,361,0.3,------20,
1705,569,1,0,20,27,------89,289,0.31,------21,
1708,570,1,0,16,27,------73,225,0.32,------22,
1711,571,1,0,12,27,------61,169,0.36,------23,
1714,572,1,0,12,27,------49,121,0.4,------24,
1717,573,1,1,20,27,------69,169,0.41,------25,
1720,574,1,1,32,27,------101,225,0.45,------26,
1723,575,1,1,16,27,------117,289,0.4,------8,
1726,576,1,1,12,27,------129,361,0.36,------14,
1729,577,1,1,12,27,------141,441,0.32,------15,
1732,578,1,1,32,27,------173,441,0.39,------16,
1735,579,1,0,72,27,------101,441,0.23,------27,
1738,580,1,0,40,27,------61,121,0.5,------10,
1741,581,0,0,20,27,------41,81,0.51,------11,
1744,582,0,0,16,27,------25,49,0.51,------12,
1747,583,0,0,12,27,------13,25,0.52,------13,
1750,584,0,0,8,27,------5,9,0.56,------1,
1753,585,0,1,4,27,------9,25,0.36,------2,
1756,586,0,1,12,27,------21,49,0.43,------3,
1759,587,0,1,8,27,------29,81,0.36,------4,
1762,588,0,1,12,27,------41,121,0.34,------5,
1765,589,1,1,12,27,------53,169,0.31,------6,
1768,590,1,1,36,27,------89,225,0.4,------7,
1771,591,1,1,28,27,------117,289,0.4,------8,
1774,592,1,1,12,27,------129,361,0.36,------14,
1777,593,1,1,12,27,------141,441,0.32,------15,
1780,594,1,1,32,27,------173,441,0.39,------16,
1783,595,1,1,24,27,------197,441,0.45,------17,
1786,596,1,1,24,27,------221,441,0.5,------18,
1789,597,1,0,72,27,------149,441,0.34,------19,
1792,598,1,0,40,27,------109,361,0.3,------20,
1795,599,1,0,20,27,------89,289,0.31,------21,
1798,600,1,0,16,27,------73,225,0.32,------22,
1801,601,1,0,12,27,------61,169,0.36,------23,
1804,602,1,0,12,27,------49,121,0.4,------24,
1807,603,1,1,20,27,------69,169,0.41,------25,
1810,604,1,1,32,27,------101,225,0.45,------26,
1813,605,1,1,16,27,------117,289,0.4,------8,
1816,606,1,1,12,27,------129,361,0.36,------14,
1819,607,1,1,12,27,------141,441,0.32,------15,
1822,608,1,1,32,27,------173,441,0.39,------16,
1825,609,1,0,72,27,------101,441,0.23,------27,
1828,610,1,0,40,27,------61,121,0.5,------10,
1831,611,0,0,20,27,------41,81,0.51,------11,
1834,612,0,0,16,27,------25,49,0.51,------12,
1837,613,0,0,12,27,------13,25,0.52,------13,
1840,614,0,0,8,27,------5,9,0.56,------1,
1843,615,0,1,4,27,------9,25,0.36,------2,
1846,616,0,1,12,27,------21,49,0.43,------3,
1849,617,0,1,8,27,------29,81,0.36,------4,
1852,618,0,1,12,27,------41,121,0.34,------5,
1855,619,1,1,12,27,------53,169,0.31,------6,
1858,620,1,1,36,27,------89,225,0.4,------7,
1861,621,1,1,28,27,------117,289,0.4,------8,
1864,622,1,1,12,27,------129,361,0.36,------14,
1867,623,1,1,12,27,------141,441,0.32,------15,
1870,624,1,1,32,27,------173,441,0.39,------16,
1873,625,1,1,24,27,------197,441,0.45,------17,
1876,626,1,1,24,27,------221,441,0.5,------18,
1879,627,1,0,72,27,------149,441,0.34,------19,
1882,628,1,0,40,27,------109,361,0.3,------20,
1885,629,1,0,20,27,------89,289,0.31,------21,
1888,630,1,0,16,27,------73,225,0.32,------22,
1891,631,1,0,12,27,------61,169,0.36,------23,
1894,632,1,0,12,27,------49,121,0.4,------24,
1897,633,1,1,20,27,------69,169,0.41,------25,
1900,634,1,1,32,27,------101,225,0.45,------26,
1903,635,1,1,16,27,------117,289,0.4,------8,
1906,636,1,1,12,27,------129,361,0.36,------14,
1909,637,1,1,12,27,------141,441,0.32,------15,
1912,638,1,1,32,27,------173,441,0.39,------16,
1915,639,1,0,72,27,------101,441,0.23,------27,
1918,640,1,0,40,27,------61,121,0.5,------10,
1921,641,0,0,20,27,------41,81,0.51,------11,
1924,642,0,0,16,27,------25,49,0.51,------12,
1927,643,0,0,12,27,------13,25,0.52,------13,
1930,644,0,0,8,27,------5,9,0.56,------1,
1933,645,0,1,4,27,------9,25,0.36,------2,
1936,646,0,1,12,27,------21,49,0.43,------3,
1939,647,0,1,8,27,------29,81,0.36,------4,
1942,648,0,1,12,27,------41,121,0.34,------5,
1945,649,1,1,12,27,------53,169,0.31,------6,
1948,650,1,1,36,27,------89,225,0.4,------7,
1951,651,1,1,28,27,------117,289,0.4,------8,
1954,652,1,1,12,27,------129,361,0.36,------14,
1957,653,1,1,12,27,------141,441,0.32,------15,
1960,654,1,1,32,27,------173,441,0.39,------16,
1963,655,1,1,24,27,------197,441,0.45,------17,
1966,656,1,1,24,27,------221,441,0.5,------18,
1969,657,1,0,72,27,------149,441,0.34,------19,
1972,658,1,0,40,27,------109,361,0.3,------20,
1975,659,1,0,20,27,------89,289,0.31,------21,
1978,660,1,0,16,27,------73,225,0.32,------22,
1981,661,1,0,12,27,------61,169,0.36,------23,
1984,662,1,0,12,27,------49,121,0.4,------24,
1987,663,1,1,20,27,------69,169,0.41,------25,
1990,664,1,1,32,27,------101,225,0.45,------26,
1993,665,1,1,16,27,------117,289,0.4,------8,
1996,666,1,1,12,27,------129,361,0.36,------14,
1999,667,1,1,12,27,------141,441,0.32,------15,
2002,668,1,1,32,27,------173,441,0.39,------16,
2005,669,1,0,72,27,------101,441,0.23,------27,
2008,670,1,0,40,27,------61,121,0.5,------10,
2011,671,0,0,20,27,------41,81,0.51,------11,
2014,672,0,0,16,27,------25,49,0.51,------12,
2017,673,0,0,12,27,------13,25,0.52,------13,
2020,674,0,0,8,27,------5,9,0.56,------1,
2023,675,0,1,4,27,------9,25,0.36,------2,
2026,676,0,1,12,27,------21,49,0.43,------3,
2029,677,0,1,8,27,------29,81,0.36,------4,
2032,678,0,1,12,27,------41,121,0.34,------5,
2035,679,1,1,12,27,------53,169,0.31,------6,
2038,680,1,1,36,27,------89,225,0.4,------7,
2041,681,1,1,28,27,------117,289,0.4,------8,
2044,682,1,1,12,27,------129,361,0.36,------14,
2047,683,1,1,12,27,------141,441,0.32,------15,
2050,684,1,1,32,27,------173,441,0.39,------16,
2053,685,1,1,24,27,------197,441,0.45,------17,
2056,686,1,1,24,27,------221,441,0.5,------18,
2059,687,1,0,72,27,------149,441,0.34,------19,
2062,688,1,0,40,27,------109,361,0.3,------20,
2065,689,1,0,20,27,------89,289,0.31,------21,
2068,690,1,0,16,27,------73,225,0.32,------22,
2071,691,1,0,12,27,------61,169,0.36,------23,
2074,692,1,0,12,27,------49,121,0.4,------24,
2077,693,1,1,20,27,------69,169,0.41,------25,
2080,694,1,1,32,27,------101,225,0.45,------26,
2083,695,1,1,16,27,------117,289,0.4,------8,
2086,696,1,1,12,27,------129,361,0.36,------14,
2089,697,1,1,12,27,------141,441,0.32,------15,
2092,698,1,1,32,27,------173,441,0.39,------16,
2095,699,1,0,72,27,------101,441,0.23,------27,
2098,700,1,0,40,27,------61,121,0.5,------10,
2101,701,0,0,20,27,------41,81,0.51,------11,
2104,702,0,0,16,27,------25,49,0.51,------12,
2107,703,0,0,12,27,------13,25,0.52,------13,
2110,704,0,0,8,27,------5,9,0.56,------1,
2113,705,0,1,4,27,------9,25,0.36,------2,
2116,706,0,1,12,27,------21,49,0.43,------3,
2119,707,0,1,8,27,------29,81,0.36,------4,
2122,708,0,1,12,27,------41,121,0.34,------5,
2125,709,1,1,12,27,------53,169,0.31,------6,
2128,710,1,1,36,27,------89,225,0.4,------7,
2131,711,1,1,28,27,------117,289,0.4,------8,
2134,712,1,1,12,27,------129,361,0.36,------14,
2137,713,1,1,12,27,------141,441,0.32,------15,
2140,714,1,1,32,27,------173,441,0.39,------16,
2143,715,1,1,24,27,------197,441,0.45,------17,
2146,716,1,1,24,27,------221,441,0.5,------18,
2149,717,1,0,72,27,------149,441,0.34,------19,
2152,718,1,0,40,27,------109,361,0.3,------20,
2155,719,1,0,20,27,------89,289,0.31,------21,
2158,720,1,0,16,27,------73,225,0.32,------22,
2161,721,1,0,12,27,------61,169,0.36,------23,
2164,722,1,0,12,27,------49,121,0.4,------24,
2167,723,1,1,20,27,------69,169,0.41,------25,
2170,724,1,1,32,27,------101,225,0.45,------26,
2173,725,1,1,16,27,------117,289,0.4,------8,
2176,726,1,1,12,27,------129,361,0.36,------14,
2179,727,1,1,12,27,------141,441,0.32,------15,
2182,728,1,1,32,27,------173,441,0.39,------16,
2185,729,1,0,72,27,------101,441,0.23,------27,
2188,730,1,0,40,27,------61,121,0.5,------10,
2191,731,0,0,20,27,------41,81,0.51,------11,
2194,732,0,0,16,27,------25,49,0.51,------12,
2197,733,0,0,12,27,------13,25,0.52,------13,
2200,734,0,0,8,27,------5,9,0.56,------1,
2203,735,0,1,4,27,------9,25,0.36,------2,
2206,736,0,1,12,27,------21,49,0.43,------3,
2209,737,0,1,8,27,------29,81,0.36,------4,
2212,738,0,1,12,27,------41,121,0.34,------5,
2215,739,1,1,12,27,------53,169,0.31,------6,
2218,740,1,1,36,27,------89,225,0.4,------7,
2221,741,1,1,28,27,------117,289,0.4,------8,
2224,742,1,1,12,27,------129,361,0.36,------14,
2227,743,1,1,12,27,------141,441,0.32,------15,
2230,744,1,1,32,27,------173,441,0.39,------16,
