L1A1-->Columns Header:, LevelCount, AutomataStep, AggregateState, Goal, StateDifference, DiversityCounter, LiveCellsCount, LiveCellsArea, LiveCellsDensity, StateId
2,1,0,1,0,1,------0,0,0.0,------1,
5,2,0,1,0,1,------0,0,0.0,------1,
8,3,0,1,0,1,------0,0,0.0,------1,
11,4,0,1,0,1,------0,0,0.0,------1,
14,5,0,1,0,1,------0,0,0.0,------1,
17,6,1,1,32,2,------32,32,1.0,------2,
20,7,1,0,0,2,------32,32,1.0,------2,
23,8,0,0,20,3,------12,12,1.0,------3,
26,9,0,0,0,3,------12,12,1.0,------3,
29,10,0,0,0,3,------12,12,1.0,------3,
32,11,0,0,0,3,------12,12,1.0,------3,
35,12,0,0,12,3,------0,0,0.0,------1,
38,13,0,1,0,3,------0,0,0.0,------1,
41,14,0,1,28,4,------28,32,0.88,------4,
44,15,0,1,0,4,------28,32,0.88,------4,
47,16,0,1,0,4,------28,32,0.88,------4,
50,17,0,1,0,4,------28,32,0.88,------4,
53,18,0,1,0,4,------28,32,0.88,------4,
56,19,0,1,0,4,------28,32,0.88,------4,
59,20,1,1,4,4,------32,32,1.0,------2,
62,21,1,1,0,4,------32,32,1.0,------2,
65,22,1,1,0,4,------32,32,1.0,------2,
68,23,1,1,0,4,------32,32,1.0,------2,
71,24,1,1,0,4,------32,32,1.0,------2,
74,25,1,0,0,4,------32,32,1.0,------2,
77,26,0,0,20,4,------12,12,1.0,------3,
80,27,0,0,0,4,------12,12,1.0,------3,
83,28,0,0,0,4,------12,12,1.0,------3,
86,29,0,0,0,4,------12,12,1.0,------3,
89,30,0,0,0,4,------12,12,1.0,------3,
92,31,0,1,0,4,------12,12,1.0,------3,
95,32,1,1,20,4,------32,32,1.0,------2,
98,33,1,1,0,4,------32,32,1.0,------2,
101,34,1,1,0,4,------32,32,1.0,------2,
104,35,1,1,0,4,------32,32,1.0,------2,
107,36,1,1,0,4,------32,32,1.0,------2,
110,37,1,0,0,4,------32,32,1.0,------2,
113,38,0,0,20,4,------12,12,1.0,------3,
116,39,0,0,0,4,------12,12,1.0,------3,
119,40,0,0,0,4,------12,12,1.0,------3,
122,41,0,0,0,4,------12,12,1.0,------3,
125,42,0,0,12,4,------0,0,0.0,------1,
128,43,0,1,0,4,------0,0,0.0,------1,
131,44,0,1,28,4,------28,32,0.88,------4,
134,45,0,1,0,4,------28,32,0.88,------4,
137,46,0,1,0,4,------28,32,0.88,------4,
140,47,0,1,0,4,------28,32,0.88,------4,
143,48,0,1,0,4,------28,32,0.88,------4,
146,49,0,1,0,4,------28,32,0.88,------4,
149,50,1,1,4,4,------32,32,1.0,------2,
152,51,1,1,0,4,------32,32,1.0,------2,
155,52,1,1,0,4,------32,32,1.0,------2,
158,53,1,1,0,4,------32,32,1.0,------2,
161,54,1,1,0,4,------32,32,1.0,------2,
164,55,1,0,0,4,------32,32,1.0,------2,
167,56,0,0,20,4,------12,12,1.0,------3,
170,57,0,0,0,4,------12,12,1.0,------3,
173,58,0,0,0,4,------12,12,1.0,------3,
176,59,0,0,0,4,------12,12,1.0,------3,
179,60,0,0,0,4,------12,12,1.0,------3,
182,61,0,1,0,4,------12,12,1.0,------3,
185,62,1,1,20,4,------32,32,1.0,------2,
188,63,1,1,0,4,------32,32,1.0,------2,
191,64,1,1,0,4,------32,32,1.0,------2,
194,65,1,1,0,4,------32,32,1.0,------2,
197,66,1,1,0,4,------32,32,1.0,------2,
200,67,1,0,0,4,------32,32,1.0,------2,
203,68,0,0,20,4,------12,12,1.0,------3,
206,69,0,0,0,4,------12,12,1.0,------3,
209,70,0,0,0,4,------12,12,1.0,------3,
212,71,0,0,0,4,------12,12,1.0,------3,
215,72,0,0,12,4,------0,0,0.0,------1,
218,73,0,1,0,4,------0,0,0.0,------1,
221,74,0,1,28,4,------28,32,0.88,------4,
224,75,0,1,0,4,------28,32,0.88,------4,
227,76,0,1,0,4,------28,32,0.88,------4,
230,77,0,1,0,4,------28,32,0.88,------4,
233,78,0,1,0,4,------28,32,0.88,------4,
236,79,0,1,0,4,------28,32,0.88,------4,
239,80,1,1,4,4,------32,32,1.0,------2,
242,81,1,1,0,4,------32,32,1.0,------2,
245,82,1,1,0,4,------32,32,1.0,------2,
248,83,1,1,0,4,------32,32,1.0,------2,
251,84,1,1,0,4,------32,32,1.0,------2,
254,85,1,0,0,4,------32,32,1.0,------2,
257,86,0,0,20,4,------12,12,1.0,------3,
260,87,0,0,0,4,------12,12,1.0,------3,
263,88,0,0,0,4,------12,12,1.0,------3,
266,89,0,0,0,4,------12,12,1.0,------3,
269,90,0,0,0,4,------12,12,1.0,------3,
272,91,0,1,0,4,------12,12,1.0,------3,
275,92,1,1,20,4,------32,32,1.0,------2,
278,93,1,1,0,4,------32,32,1.0,------2,
281,94,1,1,0,4,------32,32,1.0,------2,
284,95,1,1,0,4,------32,32,1.0,------2,
287,96,1,1,0,4,------32,32,1.0,------2,
290,97,1,0,0,4,------32,32,1.0,------2,
293,98,0,0,20,4,------12,12,1.0,------3,
296,99,0,0,0,4,------12,12,1.0,------3,
299,100,0,0,0,4,------12,12,1.0,------3,
302,101,0,0,0,4,------12,12,1.0,------3,
305,102,0,0,12,4,------0,0,0.0,------1,
308,103,0,1,0,4,------0,0,0.0,------1,
311,104,0,1,28,4,------28,32,0.88,------4,
314,105,0,1,0,4,------28,32,0.88,------4,
317,106,0,1,0,4,------28,32,0.88,------4,
320,107,0,1,0,4,------28,32,0.88,------4,
323,108,0,1,0,4,------28,32,0.88,------4,
326,109,0,1,0,4,------28,32,0.88,------4,
329,110,1,1,4,4,------32,32,1.0,------2,
332,111,1,1,0,4,------32,32,1.0,------2,
335,112,1,1,0,4,------32,32,1.0,------2,
338,113,1,1,0,4,------32,32,1.0,------2,
341,114,1,1,0,4,------32,32,1.0,------2,
344,115,1,0,0,4,------32,32,1.0,------2,
347,116,0,0,20,4,------12,12,1.0,------3,
350,117,0,0,0,4,------12,12,1.0,------3,
353,118,0,0,0,4,------12,12,1.0,------3,
356,119,0,0,0,4,------12,12,1.0,------3,
359,120,0,0,0,4,------12,12,1.0,------3,
362,121,0,1,0,4,------12,12,1.0,------3,
365,122,1,1,20,4,------32,32,1.0,------2,
368,123,1,1,0,4,------32,32,1.0,------2,
371,124,1,1,0,4,------32,32,1.0,------2,
374,125,1,1,0,4,------32,32,1.0,------2,
377,126,1,1,0,4,------32,32,1.0,------2,
380,127,1,0,0,4,------32,32,1.0,------2,
383,128,0,0,20,4,------12,12,1.0,------3,
386,129,0,0,0,4,------12,12,1.0,------3,
389,130,0,0,0,4,------12,12,1.0,------3,
392,131,0,0,0,4,------12,12,1.0,------3,
395,132,0,0,12,4,------0,0,0.0,------1,
398,133,0,1,0,4,------0,0,0.0,------1,
401,134,0,1,28,4,------28,32,0.88,------4,
404,135,0,1,0,4,------28,32,0.88,------4,
407,136,0,1,0,4,------28,32,0.88,------4,
410,137,0,1,0,4,------28,32,0.88,------4,
413,138,0,1,0,4,------28,32,0.88,------4,
416,139,0,1,0,4,------28,32,0.88,------4,
419,140,1,1,4,4,------32,32,1.0,------2,
422,141,1,1,0,4,------32,32,1.0,------2,
425,142,1,1,0,4,------32,32,1.0,------2,
428,143,1,1,0,4,------32,32,1.0,------2,
431,144,1,1,0,4,------32,32,1.0,------2,
434,145,1,0,0,4,------32,32,1.0,------2,
437,146,0,0,20,4,------12,12,1.0,------3,
440,147,0,0,0,4,------12,12,1.0,------3,
443,148,0,0,0,4,------12,12,1.0,------3,
446,149,0,0,0,4,------12,12,1.0,------3,
449,150,0,0,0,4,------12,12,1.0,------3,
452,151,0,1,0,4,------12,12,1.0,------3,
455,152,1,1,20,4,------32,32,1.0,------2,
458,153,1,1,0,4,------32,32,1.0,------2,
461,154,1,1,0,4,------32,32,1.0,------2,
464,155,1,1,0,4,------32,32,1.0,------2,
467,156,1,1,0,4,------32,32,1.0,------2,
470,157,1,0,0,4,------32,32,1.0,------2,
473,158,0,0,20,4,------12,12,1.0,------3,
476,159,0,0,0,4,------12,12,1.0,------3,
479,160,0,0,0,4,------12,12,1.0,------3,
482,161,0,0,0,4,------12,12,1.0,------3,
485,162,0,0,12,4,------0,0,0.0,------1,
488,163,0,1,0,4,------0,0,0.0,------1,
491,164,0,1,28,4,------28,32,0.88,------4,
494,165,0,1,0,4,------28,32,0.88,------4,
497,166,0,1,0,4,------28,32,0.88,------4,
500,167,0,1,0,4,------28,32,0.88,------4,
503,168,0,1,0,4,------28,32,0.88,------4,
506,169,0,1,0,4,------28,32,0.88,------4,
509,170,1,1,4,4,------32,32,1.0,------2,
512,171,1,1,0,4,------32,32,1.0,------2,
515,172,1,1,0,4,------32,32,1.0,------2,
518,173,1,1,0,4,------32,32,1.0,------2,
521,174,1,1,0,4,------32,32,1.0,------2,
524,175,1,0,0,4,------32,32,1.0,------2,
527,176,0,0,20,4,------12,12,1.0,------3,
530,177,0,0,0,4,------12,12,1.0,------3,
533,178,0,0,0,4,------12,12,1.0,------3,
536,179,0,0,0,4,------12,12,1.0,------3,
539,180,0,0,0,4,------12,12,1.0,------3,
542,181,0,1,0,4,------12,12,1.0,------3,
545,182,1,1,20,4,------32,32,1.0,------2,
548,183,1,1,0,4,------32,32,1.0,------2,
551,184,1,1,0,4,------32,32,1.0,------2,
554,185,1,1,0,4,------32,32,1.0,------2,
557,186,1,1,0,4,------32,32,1.0,------2,
560,187,1,0,0,4,------32,32,1.0,------2,
563,188,0,0,20,4,------12,12,1.0,------3,
566,189,0,0,0,4,------12,12,1.0,------3,
569,190,0,0,0,4,------12,12,1.0,------3,
572,191,0,0,0,4,------12,12,1.0,------3,
575,192,0,0,12,4,------0,0,0.0,------1,
578,193,0,1,0,4,------0,0,0.0,------1,
581,194,0,1,28,4,------28,32,0.88,------4,
584,195,0,1,0,4,------28,32,0.88,------4,
587,196,0,1,0,4,------28,32,0.88,------4,
590,197,0,1,0,4,------28,32,0.88,------4,
593,198,0,1,0,4,------28,32,0.88,------4,
596,199,0,1,0,4,------28,32,0.88,------4,
599,200,1,1,4,4,------32,32,1.0,------2,
602,201,1,1,0,4,------32,32,1.0,------2,
605,202,1,1,0,4,------32,32,1.0,------2,
608,203,1,1,0,4,------32,32,1.0,------2,
611,204,1,1,0,4,------32,32,1.0,------2,
614,205,1,0,0,4,------32,32,1.0,------2,
617,206,0,0,20,4,------12,12,1.0,------3,
620,207,0,0,0,4,------12,12,1.0,------3,
623,208,0,0,0,4,------12,12,1.0,------3,
626,209,0,0,0,4,------12,12,1.0,------3,
629,210,0,0,0,4,------12,12,1.0,------3,
632,211,0,1,0,4,------12,12,1.0,------3,
635,212,1,1,20,4,------32,32,1.0,------2,
638,213,1,1,0,4,------32,32,1.0,------2,
641,214,1,1,0,4,------32,32,1.0,------2,
644,215,1,1,0,4,------32,32,1.0,------2,
647,216,1,1,0,4,------32,32,1.0,------2,
650,217,1,0,0,4,------32,32,1.0,------2,
653,218,0,0,20,4,------12,12,1.0,------3,
656,219,0,0,0,4,------12,12,1.0,------3,
659,220,0,0,0,4,------12,12,1.0,------3,
662,221,0,0,0,4,------12,12,1.0,------3,
665,222,0,0,12,4,------0,0,0.0,------1,
668,223,0,1,0,4,------0,0,0.0,------1,
671,224,0,1,28,4,------28,32,0.88,------4,
674,225,0,1,0,4,------28,32,0.88,------4,
677,226,0,1,0,4,------28,32,0.88,------4,
680,227,0,1,0,4,------28,32,0.88,------4,
683,228,0,1,0,4,------28,32,0.88,------4,
686,229,0,1,0,4,------28,32,0.88,------4,
689,230,1,1,4,4,------32,32,1.0,------2,
692,231,1,1,0,4,------32,32,1.0,------2,
695,232,1,1,0,4,------32,32,1.0,------2,
698,233,1,1,0,4,------32,32,1.0,------2,
701,234,1,1,0,4,------32,32,1.0,------2,
704,235,1,0,0,4,------32,32,1.0,------2,
707,236,0,0,20,4,------12,12,1.0,------3,
710,237,0,0,0,4,------12,12,1.0,------3,
713,238,0,0,0,4,------12,12,1.0,------3,
716,239,0,0,0,4,------12,12,1.0,------3,
719,240,0,0,0,4,------12,12,1.0,------3,
722,241,0,1,0,4,------12,12,1.0,------3,
725,242,1,1,20,4,------32,32,1.0,------2,
728,243,1,1,0,4,------32,32,1.0,------2,
731,244,1,1,0,4,------32,32,1.0,------2,
734,245,1,1,0,4,------32,32,1.0,------2,
737,246,1,1,0,4,------32,32,1.0,------2,
740,247,1,0,0,4,------32,32,1.0,------2,
743,248,0,0,20,4,------12,12,1.0,------3,
746,249,0,0,0,4,------12,12,1.0,------3,
749,250,0,0,0,4,------12,12,1.0,------3,
752,251,0,0,0,4,------12,12,1.0,------3,
755,252,0,0,12,4,------0,0,0.0,------1,
758,253,0,1,0,4,------0,0,0.0,------1,
761,254,0,1,28,4,------28,32,0.88,------4,
764,255,0,1,0,4,------28,32,0.88,------4,
767,256,0,1,0,4,------28,32,0.88,------4,
770,257,0,1,0,4,------28,32,0.88,------4,
773,258,0,1,0,4,------28,32,0.88,------4,
776,259,0,1,0,4,------28,32,0.88,------4,
779,260,1,1,4,4,------32,32,1.0,------2,
782,261,1,1,0,4,------32,32,1.0,------2,
785,262,1,1,0,4,------32,32,1.0,------2,
788,263,1,1,0,4,------32,32,1.0,------2,
791,264,1,1,0,4,------32,32,1.0,------2,
794,265,1,0,0,4,------32,32,1.0,------2,
797,266,0,0,20,4,------12,12,1.0,------3,
800,267,0,0,0,4,------12,12,1.0,------3,
803,268,0,0,0,4,------12,12,1.0,------3,
806,269,0,0,0,4,------12,12,1.0,------3,
809,270,0,0,0,4,------12,12,1.0,------3,
812,271,0,1,0,4,------12,12,1.0,------3,
815,272,1,1,20,4,------32,32,1.0,------2,
818,273,1,1,0,4,------32,32,1.0,------2,
821,274,1,1,0,4,------32,32,1.0,------2,
824,275,1,1,0,4,------32,32,1.0,------2,
827,276,1,1,0,4,------32,32,1.0,------2,
830,277,1,0,0,4,------32,32,1.0,------2,
833,278,0,0,20,4,------12,12,1.0,------3,
836,279,0,0,0,4,------12,12,1.0,------3,
839,280,0,0,0,4,------12,12,1.0,------3,
842,281,0,0,0,4,------12,12,1.0,------3,
845,282,0,0,12,4,------0,0,0.0,------1,
848,283,0,1,0,4,------0,0,0.0,------1,
851,284,0,1,28,4,------28,32,0.88,------4,
854,285,0,1,0,4,------28,32,0.88,------4,
857,286,0,1,0,4,------28,32,0.88,------4,
860,287,0,1,0,4,------28,32,0.88,------4,
863,288,0,1,0,4,------28,32,0.88,------4,
866,289,0,1,0,4,------28,32,0.88,------4,
869,290,1,1,4,4,------32,32,1.0,------2,
872,291,1,1,0,4,------32,32,1.0,------2,
875,292,1,1,0,4,------32,32,1.0,------2,
878,293,1,1,0,4,------32,32,1.0,------2,
881,294,1,1,0,4,------32,32,1.0,------2,
884,295,1,0,0,4,------32,32,1.0,------2,
887,296,0,0,20,4,------12,12,1.0,------3,
890,297,0,0,0,4,------12,12,1.0,------3,
893,298,0,0,0,4,------12,12,1.0,------3,
896,299,0,0,0,4,------12,12,1.0,------3,
899,300,0,0,0,4,------12,12,1.0,------3,
902,301,0,1,0,4,------12,12,1.0,------3,
905,302,1,1,20,4,------32,32,1.0,------2,
908,303,1,1,0,4,------32,32,1.0,------2,
911,304,1,1,0,4,------32,32,1.0,------2,
914,305,1,1,0,4,------32,32,1.0,------2,
917,306,1,1,0,4,------32,32,1.0,------2,
920,307,1,0,0,4,------32,32,1.0,------2,
923,308,0,0,20,4,------12,12,1.0,------3,
926,309,0,0,0,4,------12,12,1.0,------3,
929,310,0,0,0,4,------12,12,1.0,------3,
932,311,0,0,0,4,------12,12,1.0,------3,
935,312,0,0,12,4,------0,0,0.0,------1,
938,313,0,1,0,4,------0,0,0.0,------1,
941,314,0,1,28,4,------28,32,0.88,------4,
944,315,0,1,0,4,------28,32,0.88,------4,
947,316,0,1,0,4,------28,32,0.88,------4,
950,317,0,1,0,4,------28,32,0.88,------4,
953,318,0,1,0,4,------28,32,0.88,------4,
956,319,0,1,0,4,------28,32,0.88,------4,
959,320,1,1,4,4,------32,32,1.0,------2,
962,321,1,1,0,4,------32,32,1.0,------2,
965,322,1,1,0,4,------32,32,1.0,------2,
968,323,1,1,0,4,------32,32,1.0,------2,
971,324,1,1,0,4,------32,32,1.0,------2,
974,325,1,0,0,4,------32,32,1.0,------2,
977,326,0,0,20,4,------12,12,1.0,------3,
980,327,0,0,0,4,------12,12,1.0,------3,
983,328,0,0,0,4,------12,12,1.0,------3,
986,329,0,0,0,4,------12,12,1.0,------3,
989,330,0,0,0,4,------12,12,1.0,------3,
992,331,0,1,0,4,------12,12,1.0,------3,
995,332,1,1,20,4,------32,32,1.0,------2,
998,333,1,1,0,4,------32,32,1.0,------2,
1001,334,1,1,0,4,------32,32,1.0,------2,
1004,335,1,1,0,4,------32,32,1.0,------2,
1007,336,1,1,0,4,------32,32,1.0,------2,
1010,337,1,0,0,4,------32,32,1.0,------2,
1013,338,0,0,20,4,------12,12,1.0,------3,
1016,339,0,0,0,4,------12,12,1.0,------3,
1019,340,0,0,0,4,------12,12,1.0,------3,
1022,341,0,0,0,4,------12,12,1.0,------3,
1025,342,0,0,12,4,------0,0,0.0,------1,
1028,343,0,1,0,4,------0,0,0.0,------1,
1031,344,0,1,28,4,------28,32,0.88,------4,
1034,345,0,1,0,4,------28,32,0.88,------4,
1037,346,0,1,0,4,------28,32,0.88,------4,
1040,347,0,1,0,4,------28,32,0.88,------4,
1043,348,0,1,0,4,------28,32,0.88,------4,
1046,349,0,1,0,4,------28,32,0.88,------4,
1049,350,1,1,4,4,------32,32,1.0,------2,
1052,351,1,1,0,4,------32,32,1.0,------2,
1055,352,1,1,0,4,------32,32,1.0,------2,
1058,353,1,1,0,4,------32,32,1.0,------2,
1061,354,1,1,0,4,------32,32,1.0,------2,
1064,355,1,0,0,4,------32,32,1.0,------2,
1067,356,0,0,20,4,------12,12,1.0,------3,
1070,357,0,0,0,4,------12,12,1.0,------3,
1073,358,0,0,0,4,------12,12,1.0,------3,
1076,359,0,0,0,4,------12,12,1.0,------3,
1079,360,0,0,0,4,------12,12,1.0,------3,
1082,361,0,1,0,4,------12,12,1.0,------3,
1085,362,1,1,20,4,------32,32,1.0,------2,
1088,363,1,1,0,4,------32,32,1.0,------2,
1091,364,1,1,0,4,------32,32,1.0,------2,
1094,365,1,1,0,4,------32,32,1.0,------2,
1097,366,1,1,0,4,------32,32,1.0,------2,
1100,367,1,0,0,4,------32,32,1.0,------2,
1103,368,0,0,20,4,------12,12,1.0,------3,
1106,369,0,0,0,4,------12,12,1.0,------3,
1109,370,0,0,0,4,------12,12,1.0,------3,
1112,371,0,0,0,4,------12,12,1.0,------3,
1115,372,0,0,12,4,------0,0,0.0,------1,
1118,373,0,1,0,4,------0,0,0.0,------1,
1121,374,0,1,28,4,------28,32,0.88,------4,
1124,375,0,1,0,4,------28,32,0.88,------4,
1127,376,0,1,0,4,------28,32,0.88,------4,
1130,377,0,1,0,4,------28,32,0.88,------4,
1133,378,0,1,0,4,------28,32,0.88,------4,
1136,379,0,1,0,4,------28,32,0.88,------4,
1139,380,1,1,4,4,------32,32,1.0,------2,
1142,381,1,1,0,4,------32,32,1.0,------2,
1145,382,1,1,0,4,------32,32,1.0,------2,
1148,383,1,1,0,4,------32,32,1.0,------2,
1151,384,1,1,0,4,------32,32,1.0,------2,
1154,385,1,0,0,4,------32,32,1.0,------2,
1157,386,0,0,20,4,------12,12,1.0,------3,
1160,387,0,0,0,4,------12,12,1.0,------3,
1163,388,0,0,0,4,------12,12,1.0,------3,
1166,389,0,0,0,4,------12,12,1.0,------3,
1169,390,0,0,0,4,------12,12,1.0,------3,
1172,391,0,1,0,4,------12,12,1.0,------3,
1175,392,1,1,20,4,------32,32,1.0,------2,
1178,393,1,1,0,4,------32,32,1.0,------2,
1181,394,1,1,0,4,------32,32,1.0,------2,
1184,395,1,1,0,4,------32,32,1.0,------2,
1187,396,1,1,0,4,------32,32,1.0,------2,
1190,397,1,0,0,4,------32,32,1.0,------2,
1193,398,0,0,20,4,------12,12,1.0,------3,
1196,399,0,0,0,4,------12,12,1.0,------3,
1199,400,0,0,0,4,------12,12,1.0,------3,
1202,401,0,0,0,4,------12,12,1.0,------3,
1205,402,0,0,12,4,------0,0,0.0,------1,
1208,403,0,1,0,4,------0,0,0.0,------1,
1211,404,0,1,28,4,------28,32,0.88,------4,
1214,405,0,1,0,4,------28,32,0.88,------4,
1217,406,0,1,0,4,------28,32,0.88,------4,
1220,407,0,1,0,4,------28,32,0.88,------4,
1223,408,0,1,0,4,------28,32,0.88,------4,
1226,409,0,1,0,4,------28,32,0.88,------4,
1229,410,1,1,4,4,------32,32,1.0,------2,
1232,411,1,1,0,4,------32,32,1.0,------2,
1235,412,1,1,0,4,------32,32,1.0,------2,
1238,413,1,1,0,4,------32,32,1.0,------2,
1241,414,1,1,0,4,------32,32,1.0,------2,
1244,415,1,0,0,4,------32,32,1.0,------2,
1247,416,0,0,20,4,------12,12,1.0,------3,
1250,417,0,0,0,4,------12,12,1.0,------3,
1253,418,0,0,0,4,------12,12,1.0,------3,
1256,419,0,0,0,4,------12,12,1.0,------3,
1259,420,0,0,0,4,------12,12,1.0,------3,
1262,421,0,1,0,4,------12,12,1.0,------3,
1265,422,1,1,20,4,------32,32,1.0,------2,
1268,423,1,1,0,4,------32,32,1.0,------2,
1271,424,1,1,0,4,------32,32,1.0,------2,
1274,425,1,1,0,4,------32,32,1.0,------2,
1277,426,1,1,0,4,------32,32,1.0,------2,
1280,427,1,0,0,4,------32,32,1.0,------2,
1283,428,0,0,20,4,------12,12,1.0,------3,
1286,429,0,0,0,4,------12,12,1.0,------3,
1289,430,0,0,0,4,------12,12,1.0,------3,
1292,431,0,0,0,4,------12,12,1.0,------3,
1295,432,0,0,12,4,------0,0,0.0,------1,
1298,433,0,1,0,4,------0,0,0.0,------1,
1301,434,0,1,28,4,------28,32,0.88,------4,
1304,435,0,1,0,4,------28,32,0.88,------4,
1307,436,0,1,0,4,------28,32,0.88,------4,
1310,437,0,1,0,4,------28,32,0.88,------4,
1313,438,0,1,0,4,------28,32,0.88,------4,
1316,439,0,1,0,4,------28,32,0.88,------4,
1319,440,1,1,4,4,------32,32,1.0,------2,
1322,441,1,1,0,4,------32,32,1.0,------2,
1325,442,1,1,0,4,------32,32,1.0,------2,
1328,443,1,1,0,4,------32,32,1.0,------2,
1331,444,1,1,0,4,------32,32,1.0,------2,
1334,445,1,0,0,4,------32,32,1.0,------2,
1337,446,0,0,20,4,------12,12,1.0,------3,
1340,447,0,0,0,4,------12,12,1.0,------3,
1343,448,0,0,0,4,------12,12,1.0,------3,
1346,449,0,0,0,4,------12,12,1.0,------3,
1349,450,0,0,0,4,------12,12,1.0,------3,
1352,451,0,1,0,4,------12,12,1.0,------3,
1355,452,1,1,20,4,------32,32,1.0,------2,
1358,453,1,1,0,4,------32,32,1.0,------2,
1361,454,1,1,0,4,------32,32,1.0,------2,
1364,455,1,1,0,4,------32,32,1.0,------2,
1367,456,1,1,0,4,------32,32,1.0,------2,
1370,457,1,0,0,4,------32,32,1.0,------2,
1373,458,0,0,20,4,------12,12,1.0,------3,
1376,459,0,0,0,4,------12,12,1.0,------3,
1379,460,0,0,0,4,------12,12,1.0,------3,
1382,461,0,0,0,4,------12,12,1.0,------3,
1385,462,0,0,12,4,------0,0,0.0,------1,
1388,463,0,1,0,4,------0,0,0.0,------1,
1391,464,0,1,28,4,------28,32,0.88,------4,
1394,465,0,1,0,4,------28,32,0.88,------4,
1397,466,0,1,0,4,------28,32,0.88,------4,
1400,467,0,1,0,4,------28,32,0.88,------4,
1403,468,0,1,0,4,------28,32,0.88,------4,
1406,469,0,1,0,4,------28,32,0.88,------4,
1409,470,1,1,4,4,------32,32,1.0,------2,
1412,471,1,1,0,4,------32,32,1.0,------2,
1415,472,1,1,0,4,------32,32,1.0,------2,
1418,473,1,1,0,4,------32,32,1.0,------2,
1421,474,1,1,0,4,------32,32,1.0,------2,
1424,475,1,0,0,4,------32,32,1.0,------2,
1427,476,0,0,20,4,------12,12,1.0,------3,
1430,477,0,0,0,4,------12,12,1.0,------3,
1433,478,0,0,0,4,------12,12,1.0,------3,
1436,479,0,0,0,4,------12,12,1.0,------3,
1439,480,0,0,0,4,------12,12,1.0,------3,
1442,481,0,1,0,4,------12,12,1.0,------3,
1445,482,1,1,20,4,------32,32,1.0,------2,
1448,483,1,1,0,4,------32,32,1.0,------2,
1451,484,1,1,0,4,------32,32,1.0,------2,
1454,485,1,1,0,4,------32,32,1.0,------2,
1457,486,1,1,0,4,------32,32,1.0,------2,
1460,487,1,0,0,4,------32,32,1.0,------2,
1463,488,0,0,20,4,------12,12,1.0,------3,
1466,489,0,0,0,4,------12,12,1.0,------3,
1469,490,0,0,0,4,------12,12,1.0,------3,
1472,491,0,0,0,4,------12,12,1.0,------3,
1475,492,0,0,12,4,------0,0,0.0,------1,
1478,493,0,1,0,4,------0,0,0.0,------1,
1481,494,0,1,28,4,------28,32,0.88,------4,
1484,495,0,1,0,4,------28,32,0.88,------4,
1487,496,0,1,0,4,------28,32,0.88,------4,
1490,497,0,1,0,4,------28,32,0.88,------4,
1493,498,0,1,0,4,------28,32,0.88,------4,
1496,499,0,1,0,4,------28,32,0.88,------4,
1499,500,1,1,4,4,------32,32,1.0,------2,
1502,501,1,1,0,4,------32,32,1.0,------2,
1505,502,1,1,0,4,------32,32,1.0,------2,
1508,503,1,1,0,4,------32,32,1.0,------2,
1511,504,1,1,0,4,------32,32,1.0,------2,
1514,505,1,0,0,4,------32,32,1.0,------2,
1517,506,0,0,20,4,------12,12,1.0,------3,
1520,507,0,0,0,4,------12,12,1.0,------3,
1523,508,0,0,0,4,------12,12,1.0,------3,
1526,509,0,0,0,4,------12,12,1.0,------3,
1529,510,0,0,0,4,------12,12,1.0,------3,
1532,511,0,1,0,4,------12,12,1.0,------3,
1535,512,1,1,20,4,------32,32,1.0,------2,
1538,513,1,1,0,4,------32,32,1.0,------2,
1541,514,1,1,0,4,------32,32,1.0,------2,
1544,515,1,1,0,4,------32,32,1.0,------2,
1547,516,1,1,0,4,------32,32,1.0,------2,
1550,517,1,0,0,4,------32,32,1.0,------2,
1553,518,0,0,20,4,------12,12,1.0,------3,
1556,519,0,0,0,4,------12,12,1.0,------3,
1559,520,0,0,0,4,------12,12,1.0,------3,
1562,521,0,0,0,4,------12,12,1.0,------3,
1565,522,0,0,12,4,------0,0,0.0,------1,
1568,523,0,1,0,4,------0,0,0.0,------1,
1571,524,0,1,28,4,------28,32,0.88,------4,
1574,525,0,1,0,4,------28,32,0.88,------4,
1577,526,0,1,0,4,------28,32,0.88,------4,
1580,527,0,1,0,4,------28,32,0.88,------4,
1583,528,0,1,0,4,------28,32,0.88,------4,
1586,529,0,1,0,4,------28,32,0.88,------4,
1589,530,1,1,4,4,------32,32,1.0,------2,
1592,531,1,1,0,4,------32,32,1.0,------2,
1595,532,1,1,0,4,------32,32,1.0,------2,
1598,533,1,1,0,4,------32,32,1.0,------2,
1601,534,1,1,0,4,------32,32,1.0,------2,
1604,535,1,0,0,4,------32,32,1.0,------2,
1607,536,0,0,20,4,------12,12,1.0,------3,
1610,537,0,0,0,4,------12,12,1.0,------3,
1613,538,0,0,0,4,------12,12,1.0,------3,
1616,539,0,0,0,4,------12,12,1.0,------3,
1619,540,0,0,0,4,------12,12,1.0,------3,
1622,541,0,1,0,4,------12,12,1.0,------3,
1625,542,1,1,20,4,------32,32,1.0,------2,
1628,543,1,1,0,4,------32,32,1.0,------2,
1631,544,1,1,0,4,------32,32,1.0,------2,
1634,545,1,1,0,4,------32,32,1.0,------2,
1637,546,1,1,0,4,------32,32,1.0,------2,
1640,547,1,0,0,4,------32,32,1.0,------2,
1643,548,0,0,20,4,------12,12,1.0,------3,
1646,549,0,0,0,4,------12,12,1.0,------3,
1649,550,0,0,0,4,------12,12,1.0,------3,
1652,551,0,0,0,4,------12,12,1.0,------3,
1655,552,0,0,12,4,------0,0,0.0,------1,
1658,553,0,1,0,4,------0,0,0.0,------1,
1661,554,0,1,28,4,------28,32,0.88,------4,
1664,555,0,1,0,4,------28,32,0.88,------4,
1667,556,0,1,0,4,------28,32,0.88,------4,
1670,557,0,1,0,4,------28,32,0.88,------4,
1673,558,0,1,0,4,------28,32,0.88,------4,
1676,559,0,1,0,4,------28,32,0.88,------4,
1679,560,1,1,4,4,------32,32,1.0,------2,
1682,561,1,1,0,4,------32,32,1.0,------2,
1685,562,1,1,0,4,------32,32,1.0,------2,
1688,563,1,1,0,4,------32,32,1.0,------2,
1691,564,1,1,0,4,------32,32,1.0,------2,
1694,565,1,0,0,4,------32,32,1.0,------2,
1697,566,0,0,20,4,------12,12,1.0,------3,
1700,567,0,0,0,4,------12,12,1.0,------3,
1703,568,0,0,0,4,------12,12,1.0,------3,
1706,569,0,0,0,4,------12,12,1.0,------3,
1709,570,0,0,0,4,------12,12,1.0,------3,
1712,571,0,1,0,4,------12,12,1.0,------3,
1715,572,1,1,20,4,------32,32,1.0,------2,
1718,573,1,1,0,4,------32,32,1.0,------2,
1721,574,1,1,0,4,------32,32,1.0,------2,
1724,575,1,1,0,4,------32,32,1.0,------2,
1727,576,1,1,0,4,------32,32,1.0,------2,
1730,577,1,0,0,4,------32,32,1.0,------2,
1733,578,0,0,20,4,------12,12,1.0,------3,
1736,579,0,0,0,4,------12,12,1.0,------3,
1739,580,0,0,0,4,------12,12,1.0,------3,
1742,581,0,0,0,4,------12,12,1.0,------3,
1745,582,0,0,12,4,------0,0,0.0,------1,
1748,583,0,1,0,4,------0,0,0.0,------1,
1751,584,0,1,28,4,------28,32,0.88,------4,
1754,585,0,1,0,4,------28,32,0.88,------4,
1757,586,0,1,0,4,------28,32,0.88,------4,
1760,587,0,1,0,4,------28,32,0.88,------4,
1763,588,0,1,0,4,------28,32,0.88,------4,
1766,589,0,1,0,4,------28,32,0.88,------4,
1769,590,1,1,4,4,------32,32,1.0,------2,
1772,591,1,1,0,4,------32,32,1.0,------2,
1775,592,1,1,0,4,------32,32,1.0,------2,
1778,593,1,1,0,4,------32,32,1.0,------2,
1781,594,1,1,0,4,------32,32,1.0,------2,
1784,595,1,0,0,4,------32,32,1.0,------2,
1787,596,0,0,20,4,------12,12,1.0,------3,
1790,597,0,0,0,4,------12,12,1.0,------3,
1793,598,0,0,0,4,------12,12,1.0,------3,
1796,599,0,0,0,4,------12,12,1.0,------3,
1799,600,0,0,0,4,------12,12,1.0,------3,
1802,601,0,1,0,4,------12,12,1.0,------3,
1805,602,1,1,20,4,------32,32,1.0,------2,
1808,603,1,1,0,4,------32,32,1.0,------2,
1811,604,1,1,0,4,------32,32,1.0,------2,
1814,605,1,1,0,4,------32,32,1.0,------2,
1817,606,1,1,0,4,------32,32,1.0,------2,
1820,607,1,0,0,4,------32,32,1.0,------2,
1823,608,0,0,20,4,------12,12,1.0,------3,
1826,609,0,0,0,4,------12,12,1.0,------3,
1829,610,0,0,0,4,------12,12,1.0,------3,
1832,611,0,0,0,4,------12,12,1.0,------3,
1835,612,0,0,12,4,------0,0,0.0,------1,
1838,613,0,1,0,4,------0,0,0.0,------1,
1841,614,0,1,28,4,------28,32,0.88,------4,
1844,615,0,1,0,4,------28,32,0.88,------4,
1847,616,0,1,0,4,------28,32,0.88,------4,
1850,617,0,1,0,4,------28,32,0.88,------4,
1853,618,0,1,0,4,------28,32,0.88,------4,
1856,619,0,1,0,4,------28,32,0.88,------4,
1859,620,1,1,4,4,------32,32,1.0,------2,
1862,621,1,1,0,4,------32,32,1.0,------2,
1865,622,1,1,0,4,------32,32,1.0,------2,
1868,623,1,1,0,4,------32,32,1.0,------2,
1871,624,1,1,0,4,------32,32,1.0,------2,
1874,625,1,0,0,4,------32,32,1.0,------2,
1877,626,0,0,20,4,------12,12,1.0,------3,
1880,627,0,0,0,4,------12,12,1.0,------3,
1883,628,0,0,0,4,------12,12,1.0,------3,
1886,629,0,0,0,4,------12,12,1.0,------3,
1889,630,0,0,0,4,------12,12,1.0,------3,
1892,631,0,1,0,4,------12,12,1.0,------3,
1895,632,1,1,20,4,------32,32,1.0,------2,
1898,633,1,1,0,4,------32,32,1.0,------2,
1901,634,1,1,0,4,------32,32,1.0,------2,
1904,635,1,1,0,4,------32,32,1.0,------2,
1907,636,1,1,0,4,------32,32,1.0,------2,
1910,637,1,0,0,4,------32,32,1.0,------2,
1913,638,0,0,20,4,------12,12,1.0,------3,
1916,639,0,0,0,4,------12,12,1.0,------3,
1919,640,0,0,0,4,------12,12,1.0,------3,
1922,641,0,0,0,4,------12,12,1.0,------3,
1925,642,0,0,12,4,------0,0,0.0,------1,
1928,643,0,1,0,4,------0,0,0.0,------1,
1931,644,0,1,28,4,------28,32,0.88,------4,
1934,645,0,1,0,4,------28,32,0.88,------4,
1937,646,0,1,0,4,------28,32,0.88,------4,
1940,647,0,1,0,4,------28,32,0.88,------4,
1943,648,0,1,0,4,------28,32,0.88,------4,
1946,649,0,1,0,4,------28,32,0.88,------4,
1949,650,1,1,4,4,------32,32,1.0,------2,
1952,651,1,1,0,4,------32,32,1.0,------2,
1955,652,1,1,0,4,------32,32,1.0,------2,
1958,653,1,1,0,4,------32,32,1.0,------2,
1961,654,1,1,0,4,------32,32,1.0,------2,
1964,655,1,0,0,4,------32,32,1.0,------2,
1967,656,0,0,20,4,------12,12,1.0,------3,
1970,657,0,0,0,4,------12,12,1.0,------3,
1973,658,0,0,0,4,------12,12,1.0,------3,
1976,659,0,0,0,4,------12,12,1.0,------3,
1979,660,0,0,0,4,------12,12,1.0,------3,
1982,661,0,1,0,4,------12,12,1.0,------3,
1985,662,1,1,20,4,------32,32,1.0,------2,
1988,663,1,1,0,4,------32,32,1.0,------2,
1991,664,1,1,0,4,------32,32,1.0,------2,
1994,665,1,1,0,4,------32,32,1.0,------2,
1997,666,1,1,0,4,------32,32,1.0,------2,
2000,667,1,0,0,4,------32,32,1.0,------2,
2003,668,0,0,20,4,------12,12,1.0,------3,
2006,669,0,0,0,4,------12,12,1.0,------3,
2009,670,0,0,0,4,------12,12,1.0,------3,
2012,671,0,0,0,4,------12,12,1.0,------3,
2015,672,0,0,12,4,------0,0,0.0,------1,
2018,673,0,1,0,4,------0,0,0.0,------1,
2021,674,0,1,28,4,------28,32,0.88,------4,
2024,675,0,1,0,4,------28,32,0.88,------4,
2027,676,0,1,0,4,------28,32,0.88,------4,
2030,677,0,1,0,4,------28,32,0.88,------4,
2033,678,0,1,0,4,------28,32,0.88,------4,
2036,679,0,1,0,4,------28,32,0.88,------4,
2039,680,1,1,4,4,------32,32,1.0,------2,
2042,681,1,1,0,4,------32,32,1.0,------2,
2045,682,1,1,0,4,------32,32,1.0,------2,
2048,683,1,1,0,4,------32,32,1.0,------2,
2051,684,1,1,0,4,------32,32,1.0,------2,
2054,685,1,0,0,4,------32,32,1.0,------2,
2057,686,0,0,20,4,------12,12,1.0,------3,
2060,687,0,0,0,4,------12,12,1.0,------3,
2063,688,0,0,0,4,------12,12,1.0,------3,
2066,689,0,0,0,4,------12,12,1.0,------3,
2069,690,0,0,0,4,------12,12,1.0,------3,
2072,691,0,1,0,4,------12,12,1.0,------3,
2075,692,1,1,20,4,------32,32,1.0,------2,
2078,693,1,1,0,4,------32,32,1.0,------2,
2081,694,1,1,0,4,------32,32,1.0,------2,
2084,695,1,1,0,4,------32,32,1.0,------2,
2087,696,1,1,0,4,------32,32,1.0,------2,
2090,697,1,0,0,4,------32,32,1.0,------2,
2093,698,0,0,20,4,------12,12,1.0,------3,
2096,699,0,0,0,4,------12,12,1.0,------3,
2099,700,0,0,0,4,------12,12,1.0,------3,
2102,701,0,0,0,4,------12,12,1.0,------3,
2105,702,0,0,12,4,------0,0,0.0,------1,
2108,703,0,1,0,4,------0,0,0.0,------1,
2111,704,0,1,28,4,------28,32,0.88,------4,
2114,705,0,1,0,4,------28,32,0.88,------4,
2117,706,0,1,0,4,------28,32,0.88,------4,
2120,707,0,1,0,4,------28,32,0.88,------4,
2123,708,0,1,0,4,------28,32,0.88,------4,
2126,709,0,1,0,4,------28,32,0.88,------4,
2129,710,1,1,4,4,------32,32,1.0,------2,
2132,711,1,1,0,4,------32,32,1.0,------2,
2135,712,1,1,0,4,------32,32,1.0,------2,
2138,713,1,1,0,4,------32,32,1.0,------2,
2141,714,1,1,0,4,------32,32,1.0,------2,
2144,715,1,0,0,4,------32,32,1.0,------2,
2147,716,0,0,20,4,------12,12,1.0,------3,
2150,717,0,0,0,4,------12,12,1.0,------3,
2153,718,0,0,0,4,------12,12,1.0,------3,
2156,719,0,0,0,4,------12,12,1.0,------3,
2159,720,0,0,0,4,------12,12,1.0,------3,
2162,721,0,1,0,4,------12,12,1.0,------3,
2165,722,1,1,20,4,------32,32,1.0,------2,
2168,723,1,1,0,4,------32,32,1.0,------2,
2171,724,1,1,0,4,------32,32,1.0,------2,
2174,725,1,1,0,4,------32,32,1.0,------2,
2177,726,1,1,0,4,------32,32,1.0,------2,
2180,727,1,0,0,4,------32,32,1.0,------2,
2183,728,0,0,20,4,------12,12,1.0,------3,
2186,729,0,0,0,4,------12,12,1.0,------3,
2189,730,0,0,0,4,------12,12,1.0,------3,
2192,731,0,0,0,4,------12,12,1.0,------3,
2195,732,0,0,12,4,------0,0,0.0,------1,
2198,733,0,1,0,4,------0,0,0.0,------1,
2201,734,0,1,28,4,------28,32,0.88,------4,
2204,735,0,1,0,4,------28,32,0.88,------4,
2207,736,0,1,0,4,------28,32,0.88,------4,
2210,737,0,1,0,4,------28,32,0.88,------4,
2213,738,0,1,0,4,------28,32,0.88,------4,
2216,739,0,1,0,4,------28,32,0.88,------4,
2219,740,1,1,4,4,------32,32,1.0,------2,
2222,741,1,1,0,4,------32,32,1.0,------2,
2225,742,1,1,0,4,------32,32,1.0,------2,
2228,743,1,1,0,4,------32,32,1.0,------2,
2231,744,1,1,0,4,------32,32,1.0,------2,
