L0A4-->Columns Header:, LevelCount, AutomataStep, AggregateState, Goal, StateDifference, DiversityCounter, LiveCellsCount, LiveCellsArea, LiveCellsDensity, StateId
1,1,0,1,0,1,------5,9,0.56,------1,
4,2,0,1,4,2,------9,25,0.36,------2,
7,3,0,1,12,3,------21,49,0.43,------3,
10,4,0,1,8,4,------29,81,0.36,------4,
13,5,0,1,12,5,------41,121,0.34,------5,
16,6,1,1,12,6,------53,169,0.31,------6,
19,7,1,1,36,7,------89,225,0.4,------7,
22,8,0,0,60,8,------29,169,0.17,------8,
25,9,0,0,24,8,------5,9,0.56,------1,
28,10,0,0,4,9,------1,1,1.0,------9,
31,11,0,1,4,9,------5,9,0.56,------1,
34,12,0,1,4,9,------9,25,0.36,------2,
37,13,0,1,12,9,------21,49,0.43,------3,
40,14,0,1,8,9,------29,81,0.36,------4,
43,15,0,1,12,9,------41,121,0.34,------5,
46,16,1,1,12,9,------53,169,0.31,------6,
49,17,1,1,36,9,------89,225,0.4,------7,
52,18,1,1,28,10,------117,289,0.4,------10,
55,19,1,1,12,11,------129,361,0.36,------11,
58,20,1,0,40,12,------89,289,0.31,------12,
61,21,1,0,28,13,------61,121,0.5,------13,
64,22,0,0,20,14,------41,81,0.51,------14,
67,23,1,1,4,15,------45,121,0.37,------15,
70,24,1,1,12,16,------57,169,0.34,------16,
73,25,1,1,12,17,------69,225,0.31,------17,
76,26,0,0,40,18,------29,121,0.24,------18,
79,27,0,0,16,19,------13,25,0.52,------19,
82,28,0,0,8,19,------5,9,0.56,------1,
85,29,0,1,4,19,------9,25,0.36,------2,
88,30,0,1,12,19,------21,49,0.43,------3,
91,31,0,1,8,19,------29,81,0.36,------4,
94,32,0,1,12,19,------41,121,0.34,------5,
97,33,1,1,12,19,------53,169,0.31,------6,
100,34,1,1,36,19,------89,225,0.4,------7,
103,35,0,0,60,19,------29,169,0.17,------8,
106,36,0,0,24,19,------5,9,0.56,------1,
109,37,0,0,4,19,------1,1,1.0,------9,
112,38,0,1,4,19,------5,9,0.56,------1,
115,39,0,1,4,19,------9,25,0.36,------2,
118,40,0,1,12,19,------21,49,0.43,------3,
121,41,0,1,8,19,------29,81,0.36,------4,
124,42,0,1,12,19,------41,121,0.34,------5,
127,43,1,1,12,19,------53,169,0.31,------6,
130,44,1,1,36,19,------89,225,0.4,------7,
133,45,1,1,28,19,------117,289,0.4,------10,
136,46,1,1,12,19,------129,361,0.36,------11,
139,47,1,0,40,19,------89,289,0.31,------12,
142,48,1,0,28,19,------61,121,0.5,------13,
145,49,0,0,20,19,------41,81,0.51,------14,
148,50,1,1,4,19,------45,121,0.37,------15,
151,51,1,1,12,19,------57,169,0.34,------16,
154,52,1,1,12,19,------69,225,0.31,------17,
157,53,0,0,40,19,------29,121,0.24,------18,
160,54,0,0,16,19,------13,25,0.52,------19,
163,55,0,0,8,19,------5,9,0.56,------1,
166,56,0,1,4,19,------9,25,0.36,------2,
169,57,0,1,12,19,------21,49,0.43,------3,
172,58,0,1,8,19,------29,81,0.36,------4,
175,59,0,1,12,19,------41,121,0.34,------5,
178,60,1,1,12,19,------53,169,0.31,------6,
181,61,1,1,36,19,------89,225,0.4,------7,
184,62,0,0,60,19,------29,169,0.17,------8,
187,63,0,0,24,19,------5,9,0.56,------1,
190,64,0,0,4,19,------1,1,1.0,------9,
193,65,0,1,4,19,------5,9,0.56,------1,
196,66,0,1,4,19,------9,25,0.36,------2,
199,67,0,1,12,19,------21,49,0.43,------3,
202,68,0,1,8,19,------29,81,0.36,------4,
205,69,0,1,12,19,------41,121,0.34,------5,
208,70,1,1,12,19,------53,169,0.31,------6,
211,71,1,1,36,19,------89,225,0.4,------7,
214,72,1,1,28,19,------117,289,0.4,------10,
217,73,1,1,12,19,------129,361,0.36,------11,
220,74,1,0,40,19,------89,289,0.31,------12,
223,75,1,0,28,19,------61,121,0.5,------13,
226,76,0,0,20,19,------41,81,0.51,------14,
229,77,1,1,4,19,------45,121,0.37,------15,
232,78,1,1,12,19,------57,169,0.34,------16,
235,79,1,1,12,19,------69,225,0.31,------17,
238,80,0,0,40,19,------29,121,0.24,------18,
241,81,0,0,16,19,------13,25,0.52,------19,
244,82,0,0,8,19,------5,9,0.56,------1,
247,83,0,1,4,19,------9,25,0.36,------2,
250,84,0,1,12,19,------21,49,0.43,------3,
253,85,0,1,8,19,------29,81,0.36,------4,
256,86,0,1,12,19,------41,121,0.34,------5,
259,87,1,1,12,19,------53,169,0.31,------6,
262,88,1,1,36,19,------89,225,0.4,------7,
265,89,0,0,60,19,------29,169,0.17,------8,
268,90,0,0,24,19,------5,9,0.56,------1,
271,91,0,0,4,19,------1,1,1.0,------9,
274,92,0,1,4,19,------5,9,0.56,------1,
277,93,0,1,4,19,------9,25,0.36,------2,
280,94,0,1,12,19,------21,49,0.43,------3,
283,95,0,1,8,19,------29,81,0.36,------4,
286,96,0,1,12,19,------41,121,0.34,------5,
289,97,1,1,12,19,------53,169,0.31,------6,
292,98,1,1,36,19,------89,225,0.4,------7,
295,99,1,1,28,19,------117,289,0.4,------10,
298,100,1,1,12,19,------129,361,0.36,------11,
301,101,1,0,40,19,------89,289,0.31,------12,
304,102,1,0,28,19,------61,121,0.5,------13,
307,103,0,0,20,19,------41,81,0.51,------14,
310,104,1,1,4,19,------45,121,0.37,------15,
313,105,1,1,12,19,------57,169,0.34,------16,
316,106,1,1,12,19,------69,225,0.31,------17,
319,107,0,0,40,19,------29,121,0.24,------18,
322,108,0,0,16,19,------13,25,0.52,------19,
325,109,0,0,8,19,------5,9,0.56,------1,
328,110,0,1,4,19,------9,25,0.36,------2,
331,111,0,1,12,19,------21,49,0.43,------3,
334,112,0,1,8,19,------29,81,0.36,------4,
337,113,0,1,12,19,------41,121,0.34,------5,
340,114,1,1,12,19,------53,169,0.31,------6,
343,115,1,1,36,19,------89,225,0.4,------7,
346,116,0,0,60,19,------29,169,0.17,------8,
349,117,0,0,24,19,------5,9,0.56,------1,
352,118,0,0,4,19,------1,1,1.0,------9,
355,119,0,1,4,19,------5,9,0.56,------1,
358,120,0,1,4,19,------9,25,0.36,------2,
361,121,0,1,12,19,------21,49,0.43,------3,
364,122,0,1,8,19,------29,81,0.36,------4,
367,123,0,1,12,19,------41,121,0.34,------5,
370,124,1,1,12,19,------53,169,0.31,------6,
373,125,1,1,36,19,------89,225,0.4,------7,
376,126,1,1,28,19,------117,289,0.4,------10,
379,127,1,1,12,19,------129,361,0.36,------11,
382,128,1,0,40,19,------89,289,0.31,------12,
385,129,1,0,28,19,------61,121,0.5,------13,
388,130,0,0,20,19,------41,81,0.51,------14,
391,131,1,1,4,19,------45,121,0.37,------15,
394,132,1,1,12,19,------57,169,0.34,------16,
397,133,1,1,12,19,------69,225,0.31,------17,
400,134,0,0,40,19,------29,121,0.24,------18,
403,135,0,0,16,19,------13,25,0.52,------19,
406,136,0,0,8,19,------5,9,0.56,------1,
409,137,0,1,4,19,------9,25,0.36,------2,
412,138,0,1,12,19,------21,49,0.43,------3,
415,139,0,1,8,19,------29,81,0.36,------4,
418,140,0,1,12,19,------41,121,0.34,------5,
421,141,1,1,12,19,------53,169,0.31,------6,
424,142,1,1,36,19,------89,225,0.4,------7,
427,143,0,0,60,19,------29,169,0.17,------8,
430,144,0,0,24,19,------5,9,0.56,------1,
433,145,0,0,4,19,------1,1,1.0,------9,
436,146,0,1,4,19,------5,9,0.56,------1,
439,147,0,1,4,19,------9,25,0.36,------2,
442,148,0,1,12,19,------21,49,0.43,------3,
445,149,0,1,8,19,------29,81,0.36,------4,
448,150,0,1,12,19,------41,121,0.34,------5,
451,151,1,1,12,19,------53,169,0.31,------6,
454,152,1,1,36,19,------89,225,0.4,------7,
457,153,1,1,28,19,------117,289,0.4,------10,
460,154,1,1,12,19,------129,361,0.36,------11,
463,155,1,0,40,19,------89,289,0.31,------12,
466,156,1,0,28,19,------61,121,0.5,------13,
469,157,0,0,20,19,------41,81,0.51,------14,
472,158,1,1,4,19,------45,121,0.37,------15,
475,159,1,1,12,19,------57,169,0.34,------16,
478,160,1,1,12,19,------69,225,0.31,------17,
481,161,0,0,40,19,------29,121,0.24,------18,
484,162,0,0,16,19,------13,25,0.52,------19,
487,163,0,0,8,19,------5,9,0.56,------1,
490,164,0,1,4,19,------9,25,0.36,------2,
493,165,0,1,12,19,------21,49,0.43,------3,
496,166,0,1,8,19,------29,81,0.36,------4,
499,167,0,1,12,19,------41,121,0.34,------5,
502,168,1,1,12,19,------53,169,0.31,------6,
505,169,1,1,36,19,------89,225,0.4,------7,
508,170,0,0,60,19,------29,169,0.17,------8,
511,171,0,0,24,19,------5,9,0.56,------1,
514,172,0,0,4,19,------1,1,1.0,------9,
517,173,0,1,4,19,------5,9,0.56,------1,
520,174,0,1,4,19,------9,25,0.36,------2,
523,175,0,1,12,19,------21,49,0.43,------3,
526,176,0,1,8,19,------29,81,0.36,------4,
529,177,0,1,12,19,------41,121,0.34,------5,
532,178,1,1,12,19,------53,169,0.31,------6,
535,179,1,1,36,19,------89,225,0.4,------7,
538,180,1,1,28,19,------117,289,0.4,------10,
541,181,1,1,12,19,------129,361,0.36,------11,
544,182,1,0,40,19,------89,289,0.31,------12,
547,183,1,0,28,19,------61,121,0.5,------13,
550,184,0,0,20,19,------41,81,0.51,------14,
553,185,1,1,4,19,------45,121,0.37,------15,
556,186,1,1,12,19,------57,169,0.34,------16,
559,187,1,1,12,19,------69,225,0.31,------17,
562,188,0,0,40,19,------29,121,0.24,------18,
565,189,0,0,16,19,------13,25,0.52,------19,
568,190,0,0,8,19,------5,9,0.56,------1,
571,191,0,1,4,19,------9,25,0.36,------2,
574,192,0,1,12,19,------21,49,0.43,------3,
577,193,0,1,8,19,------29,81,0.36,------4,
580,194,0,1,12,19,------41,121,0.34,------5,
583,195,1,1,12,19,------53,169,0.31,------6,
586,196,1,1,36,19,------89,225,0.4,------7,
589,197,0,0,60,19,------29,169,0.17,------8,
592,198,0,0,24,19,------5,9,0.56,------1,
595,199,0,0,4,19,------1,1,1.0,------9,
598,200,0,1,4,19,------5,9,0.56,------1,
601,201,0,1,4,19,------9,25,0.36,------2,
604,202,0,1,12,19,------21,49,0.43,------3,
607,203,0,1,8,19,------29,81,0.36,------4,
610,204,0,1,12,19,------41,121,0.34,------5,
613,205,1,1,12,19,------53,169,0.31,------6,
616,206,1,1,36,19,------89,225,0.4,------7,
619,207,1,1,28,19,------117,289,0.4,------10,
622,208,1,1,12,19,------129,361,0.36,------11,
625,209,1,0,40,19,------89,289,0.31,------12,
628,210,1,0,28,19,------61,121,0.5,------13,
631,211,0,0,20,19,------41,81,0.51,------14,
634,212,1,1,4,19,------45,121,0.37,------15,
637,213,1,1,12,19,------57,169,0.34,------16,
640,214,1,1,12,19,------69,225,0.31,------17,
643,215,0,0,40,19,------29,121,0.24,------18,
646,216,0,0,16,19,------13,25,0.52,------19,
649,217,0,0,8,19,------5,9,0.56,------1,
652,218,0,1,4,19,------9,25,0.36,------2,
655,219,0,1,12,19,------21,49,0.43,------3,
658,220,0,1,8,19,------29,81,0.36,------4,
661,221,0,1,12,19,------41,121,0.34,------5,
664,222,1,1,12,19,------53,169,0.31,------6,
667,223,1,1,36,19,------89,225,0.4,------7,
670,224,0,0,60,19,------29,169,0.17,------8,
673,225,0,0,24,19,------5,9,0.56,------1,
676,226,0,0,4,19,------1,1,1.0,------9,
679,227,0,1,4,19,------5,9,0.56,------1,
682,228,0,1,4,19,------9,25,0.36,------2,
685,229,0,1,12,19,------21,49,0.43,------3,
688,230,0,1,8,19,------29,81,0.36,------4,
691,231,0,1,12,19,------41,121,0.34,------5,
694,232,1,1,12,19,------53,169,0.31,------6,
697,233,1,1,36,19,------89,225,0.4,------7,
700,234,1,1,28,19,------117,289,0.4,------10,
703,235,1,1,12,19,------129,361,0.36,------11,
706,236,1,0,40,19,------89,289,0.31,------12,
709,237,1,0,28,19,------61,121,0.5,------13,
712,238,0,0,20,19,------41,81,0.51,------14,
715,239,1,1,4,19,------45,121,0.37,------15,
718,240,1,1,12,19,------57,169,0.34,------16,
721,241,1,1,12,19,------69,225,0.31,------17,
724,242,0,0,40,19,------29,121,0.24,------18,
727,243,0,0,16,19,------13,25,0.52,------19,
730,244,0,0,8,19,------5,9,0.56,------1,
733,245,0,1,4,19,------9,25,0.36,------2,
736,246,0,1,12,19,------21,49,0.43,------3,
739,247,0,1,8,19,------29,81,0.36,------4,
742,248,0,1,12,19,------41,121,0.34,------5,
745,249,1,1,12,19,------53,169,0.31,------6,
748,250,1,1,36,19,------89,225,0.4,------7,
751,251,0,0,60,19,------29,169,0.17,------8,
754,252,0,0,24,19,------5,9,0.56,------1,
757,253,0,0,4,19,------1,1,1.0,------9,
760,254,0,1,4,19,------5,9,0.56,------1,
763,255,0,1,4,19,------9,25,0.36,------2,
766,256,0,1,12,19,------21,49,0.43,------3,
769,257,0,1,8,19,------29,81,0.36,------4,
772,258,0,1,12,19,------41,121,0.34,------5,
775,259,1,1,12,19,------53,169,0.31,------6,
778,260,1,1,36,19,------89,225,0.4,------7,
781,261,1,1,28,19,------117,289,0.4,------10,
784,262,1,1,12,19,------129,361,0.36,------11,
787,263,1,0,40,19,------89,289,0.31,------12,
790,264,1,0,28,19,------61,121,0.5,------13,
793,265,0,0,20,19,------41,81,0.51,------14,
796,266,1,1,4,19,------45,121,0.37,------15,
799,267,1,1,12,19,------57,169,0.34,------16,
802,268,1,1,12,19,------69,225,0.31,------17,
805,269,0,0,40,19,------29,121,0.24,------18,
808,270,0,0,16,19,------13,25,0.52,------19,
811,271,0,0,8,19,------5,9,0.56,------1,
814,272,0,1,4,19,------9,25,0.36,------2,
817,273,0,1,12,19,------21,49,0.43,------3,
820,274,0,1,8,19,------29,81,0.36,------4,
823,275,0,1,12,19,------41,121,0.34,------5,
826,276,1,1,12,19,------53,169,0.31,------6,
829,277,1,1,36,19,------89,225,0.4,------7,
832,278,0,0,60,19,------29,169,0.17,------8,
835,279,0,0,24,19,------5,9,0.56,------1,
838,280,0,0,4,19,------1,1,1.0,------9,
841,281,0,1,4,19,------5,9,0.56,------1,
844,282,0,1,4,19,------9,25,0.36,------2,
847,283,0,1,12,19,------21,49,0.43,------3,
850,284,0,1,8,19,------29,81,0.36,------4,
853,285,0,1,12,19,------41,121,0.34,------5,
856,286,1,1,12,19,------53,169,0.31,------6,
859,287,1,1,36,19,------89,225,0.4,------7,
862,288,1,1,28,19,------117,289,0.4,------10,
865,289,1,1,12,19,------129,361,0.36,------11,
868,290,1,0,40,19,------89,289,0.31,------12,
871,291,1,0,28,19,------61,121,0.5,------13,
874,292,0,0,20,19,------41,81,0.51,------14,
877,293,1,1,4,19,------45,121,0.37,------15,
880,294,1,1,12,19,------57,169,0.34,------16,
883,295,1,1,12,19,------69,225,0.31,------17,
886,296,0,0,40,19,------29,121,0.24,------18,
889,297,0,0,16,19,------13,25,0.52,------19,
892,298,0,0,8,19,------5,9,0.56,------1,
895,299,0,1,4,19,------9,25,0.36,------2,
898,300,0,1,12,19,------21,49,0.43,------3,
901,301,0,1,8,19,------29,81,0.36,------4,
904,302,0,1,12,19,------41,121,0.34,------5,
907,303,1,1,12,19,------53,169,0.31,------6,
910,304,1,1,36,19,------89,225,0.4,------7,
913,305,0,0,60,19,------29,169,0.17,------8,
916,306,0,0,24,19,------5,9,0.56,------1,
919,307,0,0,4,19,------1,1,1.0,------9,
922,308,0,1,4,19,------5,9,0.56,------1,
925,309,0,1,4,19,------9,25,0.36,------2,
928,310,0,1,12,19,------21,49,0.43,------3,
931,311,0,1,8,19,------29,81,0.36,------4,
934,312,0,1,12,19,------41,121,0.34,------5,
937,313,1,1,12,19,------53,169,0.31,------6,
940,314,1,1,36,19,------89,225,0.4,------7,
943,315,1,1,28,19,------117,289,0.4,------10,
946,316,1,1,12,19,------129,361,0.36,------11,
949,317,1,0,40,19,------89,289,0.31,------12,
952,318,1,0,28,19,------61,121,0.5,------13,
955,319,0,0,20,19,------41,81,0.51,------14,
958,320,1,1,4,19,------45,121,0.37,------15,
961,321,1,1,12,19,------57,169,0.34,------16,
964,322,1,1,12,19,------69,225,0.31,------17,
967,323,0,0,40,19,------29,121,0.24,------18,
970,324,0,0,16,19,------13,25,0.52,------19,
973,325,0,0,8,19,------5,9,0.56,------1,
976,326,0,1,4,19,------9,25,0.36,------2,
979,327,0,1,12,19,------21,49,0.43,------3,
982,328,0,1,8,19,------29,81,0.36,------4,
985,329,0,1,12,19,------41,121,0.34,------5,
988,330,1,1,12,19,------53,169,0.31,------6,
991,331,1,1,36,19,------89,225,0.4,------7,
994,332,0,0,60,19,------29,169,0.17,------8,
997,333,0,0,24,19,------5,9,0.56,------1,
1000,334,0,0,4,19,------1,1,1.0,------9,
1003,335,0,1,4,19,------5,9,0.56,------1,
1006,336,0,1,4,19,------9,25,0.36,------2,
1009,337,0,1,12,19,------21,49,0.43,------3,
1012,338,0,1,8,19,------29,81,0.36,------4,
1015,339,0,1,12,19,------41,121,0.34,------5,
1018,340,1,1,12,19,------53,169,0.31,------6,
1021,341,1,1,36,19,------89,225,0.4,------7,
1024,342,1,1,28,19,------117,289,0.4,------10,
1027,343,1,1,12,19,------129,361,0.36,------11,
1030,344,1,0,40,19,------89,289,0.31,------12,
1033,345,1,0,28,19,------61,121,0.5,------13,
1036,346,0,0,20,19,------41,81,0.51,------14,
1039,347,1,1,4,19,------45,121,0.37,------15,
1042,348,1,1,12,19,------57,169,0.34,------16,
1045,349,1,1,12,19,------69,225,0.31,------17,
1048,350,0,0,40,19,------29,121,0.24,------18,
1051,351,0,0,16,19,------13,25,0.52,------19,
1054,352,0,0,8,19,------5,9,0.56,------1,
1057,353,0,1,4,19,------9,25,0.36,------2,
1060,354,0,1,12,19,------21,49,0.43,------3,
1063,355,0,1,8,19,------29,81,0.36,------4,
1066,356,0,1,12,19,------41,121,0.34,------5,
1069,357,1,1,12,19,------53,169,0.31,------6,
1072,358,1,1,36,19,------89,225,0.4,------7,
1075,359,0,0,60,19,------29,169,0.17,------8,
1078,360,0,0,24,19,------5,9,0.56,------1,
1081,361,0,0,4,19,------1,1,1.0,------9,
1084,362,0,1,4,19,------5,9,0.56,------1,
1087,363,0,1,4,19,------9,25,0.36,------2,
1090,364,0,1,12,19,------21,49,0.43,------3,
1093,365,0,1,8,19,------29,81,0.36,------4,
1096,366,0,1,12,19,------41,121,0.34,------5,
1099,367,1,1,12,19,------53,169,0.31,------6,
1102,368,1,1,36,19,------89,225,0.4,------7,
1105,369,1,1,28,19,------117,289,0.4,------10,
1108,370,1,1,12,19,------129,361,0.36,------11,
1111,371,1,0,40,19,------89,289,0.31,------12,
1114,372,1,0,28,19,------61,121,0.5,------13,
1117,373,0,0,20,19,------41,81,0.51,------14,
1120,374,1,1,4,19,------45,121,0.37,------15,
1123,375,1,1,12,19,------57,169,0.34,------16,
1126,376,1,1,12,19,------69,225,0.31,------17,
1129,377,0,0,40,19,------29,121,0.24,------18,
1132,378,0,0,16,19,------13,25,0.52,------19,
1135,379,0,0,8,19,------5,9,0.56,------1,
1138,380,0,1,4,19,------9,25,0.36,------2,
1141,381,0,1,12,19,------21,49,0.43,------3,
1144,382,0,1,8,19,------29,81,0.36,------4,
1147,383,0,1,12,19,------41,121,0.34,------5,
1150,384,1,1,12,19,------53,169,0.31,------6,
1153,385,1,1,36,19,------89,225,0.4,------7,
1156,386,0,0,60,19,------29,169,0.17,------8,
1159,387,0,0,24,19,------5,9,0.56,------1,
1162,388,0,0,4,19,------1,1,1.0,------9,
1165,389,0,1,4,19,------5,9,0.56,------1,
1168,390,0,1,4,19,------9,25,0.36,------2,
1171,391,0,1,12,19,------21,49,0.43,------3,
1174,392,0,1,8,19,------29,81,0.36,------4,
1177,393,0,1,12,19,------41,121,0.34,------5,
1180,394,1,1,12,19,------53,169,0.31,------6,
1183,395,1,1,36,19,------89,225,0.4,------7,
1186,396,1,1,28,19,------117,289,0.4,------10,
1189,397,1,1,12,19,------129,361,0.36,------11,
1192,398,1,0,40,19,------89,289,0.31,------12,
1195,399,1,0,28,19,------61,121,0.5,------13,
1198,400,0,0,20,19,------41,81,0.51,------14,
1201,401,1,1,4,19,------45,121,0.37,------15,
1204,402,1,1,12,19,------57,169,0.34,------16,
1207,403,1,1,12,19,------69,225,0.31,------17,
1210,404,0,0,40,19,------29,121,0.24,------18,
1213,405,0,0,16,19,------13,25,0.52,------19,
1216,406,0,0,8,19,------5,9,0.56,------1,
1219,407,0,1,4,19,------9,25,0.36,------2,
1222,408,0,1,12,19,------21,49,0.43,------3,
1225,409,0,1,8,19,------29,81,0.36,------4,
1228,410,0,1,12,19,------41,121,0.34,------5,
1231,411,1,1,12,19,------53,169,0.31,------6,
1234,412,1,1,36,19,------89,225,0.4,------7,
1237,413,0,0,60,19,------29,169,0.17,------8,
1240,414,0,0,24,19,------5,9,0.56,------1,
1243,415,0,0,4,19,------1,1,1.0,------9,
1246,416,0,1,4,19,------5,9,0.56,------1,
1249,417,0,1,4,19,------9,25,0.36,------2,
1252,418,0,1,12,19,------21,49,0.43,------3,
1255,419,0,1,8,19,------29,81,0.36,------4,
1258,420,0,1,12,19,------41,121,0.34,------5,
1261,421,1,1,12,19,------53,169,0.31,------6,
1264,422,1,1,36,19,------89,225,0.4,------7,
1267,423,1,1,28,19,------117,289,0.4,------10,
1270,424,1,1,12,19,------129,361,0.36,------11,
1273,425,1,0,40,19,------89,289,0.31,------12,
1276,426,1,0,28,19,------61,121,0.5,------13,
1279,427,0,0,20,19,------41,81,0.51,------14,
1282,428,1,1,4,19,------45,121,0.37,------15,
1285,429,1,1,12,19,------57,169,0.34,------16,
1288,430,1,1,12,19,------69,225,0.31,------17,
1291,431,0,0,40,19,------29,121,0.24,------18,
1294,432,0,0,16,19,------13,25,0.52,------19,
1297,433,0,0,8,19,------5,9,0.56,------1,
1300,434,0,1,4,19,------9,25,0.36,------2,
1303,435,0,1,12,19,------21,49,0.43,------3,
1306,436,0,1,8,19,------29,81,0.36,------4,
1309,437,0,1,12,19,------41,121,0.34,------5,
1312,438,1,1,12,19,------53,169,0.31,------6,
1315,439,1,1,36,19,------89,225,0.4,------7,
1318,440,0,0,60,19,------29,169,0.17,------8,
1321,441,0,0,24,19,------5,9,0.56,------1,
1324,442,0,0,4,19,------1,1,1.0,------9,
1327,443,0,1,4,19,------5,9,0.56,------1,
1330,444,0,1,4,19,------9,25,0.36,------2,
1333,445,0,1,12,19,------21,49,0.43,------3,
1336,446,0,1,8,19,------29,81,0.36,------4,
1339,447,0,1,12,19,------41,121,0.34,------5,
1342,448,1,1,12,19,------53,169,0.31,------6,
1345,449,1,1,36,19,------89,225,0.4,------7,
1348,450,1,1,28,19,------117,289,0.4,------10,
1351,451,1,1,12,19,------129,361,0.36,------11,
1354,452,1,0,40,19,------89,289,0.31,------12,
1357,453,1,0,28,19,------61,121,0.5,------13,
1360,454,0,0,20,19,------41,81,0.51,------14,
1363,455,1,1,4,19,------45,121,0.37,------15,
1366,456,1,1,12,19,------57,169,0.34,------16,
1369,457,1,1,12,19,------69,225,0.31,------17,
1372,458,0,0,40,19,------29,121,0.24,------18,
1375,459,0,0,16,19,------13,25,0.52,------19,
1378,460,0,0,8,19,------5,9,0.56,------1,
1381,461,0,1,4,19,------9,25,0.36,------2,
1384,462,0,1,12,19,------21,49,0.43,------3,
1387,463,0,1,8,19,------29,81,0.36,------4,
1390,464,0,1,12,19,------41,121,0.34,------5,
1393,465,1,1,12,19,------53,169,0.31,------6,
1396,466,1,1,36,19,------89,225,0.4,------7,
1399,467,0,0,60,19,------29,169,0.17,------8,
1402,468,0,0,24,19,------5,9,0.56,------1,
1405,469,0,0,4,19,------1,1,1.0,------9,
1408,470,0,1,4,19,------5,9,0.56,------1,
1411,471,0,1,4,19,------9,25,0.36,------2,
1414,472,0,1,12,19,------21,49,0.43,------3,
1417,473,0,1,8,19,------29,81,0.36,------4,
1420,474,0,1,12,19,------41,121,0.34,------5,
1423,475,1,1,12,19,------53,169,0.31,------6,
1426,476,1,1,36,19,------89,225,0.4,------7,
1429,477,1,1,28,19,------117,289,0.4,------10,
1432,478,1,1,12,19,------129,361,0.36,------11,
1435,479,1,0,40,19,------89,289,0.31,------12,
1438,480,1,0,28,19,------61,121,0.5,------13,
1441,481,0,0,20,19,------41,81,0.51,------14,
1444,482,1,1,4,19,------45,121,0.37,------15,
1447,483,1,1,12,19,------57,169,0.34,------16,
1450,484,1,1,12,19,------69,225,0.31,------17,
1453,485,0,0,40,19,------29,121,0.24,------18,
1456,486,0,0,16,19,------13,25,0.52,------19,
1459,487,0,0,8,19,------5,9,0.56,------1,
1462,488,0,1,4,19,------9,25,0.36,------2,
1465,489,0,1,12,19,------21,49,0.43,------3,
1468,490,0,1,8,19,------29,81,0.36,------4,
1471,491,0,1,12,19,------41,121,0.34,------5,
1474,492,1,1,12,19,------53,169,0.31,------6,
1477,493,1,1,36,19,------89,225,0.4,------7,
1480,494,0,0,60,19,------29,169,0.17,------8,
1483,495,0,0,24,19,------5,9,0.56,------1,
1486,496,0,0,4,19,------1,1,1.0,------9,
1489,497,0,1,4,19,------5,9,0.56,------1,
1492,498,0,1,4,19,------9,25,0.36,------2,
1495,499,0,1,12,19,------21,49,0.43,------3,
1498,500,0,1,8,19,------29,81,0.36,------4,
1501,501,0,1,12,19,------41,121,0.34,------5,
1504,502,1,1,12,19,------53,169,0.31,------6,
1507,503,1,1,36,19,------89,225,0.4,------7,
1510,504,1,1,28,19,------117,289,0.4,------10,
1513,505,1,1,12,19,------129,361,0.36,------11,
1516,506,1,0,40,19,------89,289,0.31,------12,
1519,507,1,0,28,19,------61,121,0.5,------13,
1522,508,0,0,20,19,------41,81,0.51,------14,
1525,509,1,1,4,19,------45,121,0.37,------15,
1528,510,1,1,12,19,------57,169,0.34,------16,
1531,511,1,1,12,19,------69,225,0.31,------17,
1534,512,0,0,40,19,------29,121,0.24,------18,
1537,513,0,0,16,19,------13,25,0.52,------19,
1540,514,0,0,8,19,------5,9,0.56,------1,
1543,515,0,1,4,19,------9,25,0.36,------2,
1546,516,0,1,12,19,------21,49,0.43,------3,
1549,517,0,1,8,19,------29,81,0.36,------4,
1552,518,0,1,12,19,------41,121,0.34,------5,
1555,519,1,1,12,19,------53,169,0.31,------6,
1558,520,1,1,36,19,------89,225,0.4,------7,
1561,521,0,0,60,19,------29,169,0.17,------8,
1564,522,0,0,24,19,------5,9,0.56,------1,
1567,523,0,0,4,19,------1,1,1.0,------9,
1570,524,0,1,4,19,------5,9,0.56,------1,
1573,525,0,1,4,19,------9,25,0.36,------2,
1576,526,0,1,12,19,------21,49,0.43,------3,
1579,527,0,1,8,19,------29,81,0.36,------4,
1582,528,0,1,12,19,------41,121,0.34,------5,
1585,529,1,1,12,19,------53,169,0.31,------6,
1588,530,1,1,36,19,------89,225,0.4,------7,
1591,531,1,1,28,19,------117,289,0.4,------10,
1594,532,1,1,12,19,------129,361,0.36,------11,
1597,533,1,0,40,19,------89,289,0.31,------12,
1600,534,1,0,28,19,------61,121,0.5,------13,
1603,535,0,0,20,19,------41,81,0.51,------14,
1606,536,1,1,4,19,------45,121,0.37,------15,
1609,537,1,1,12,19,------57,169,0.34,------16,
1612,538,1,1,12,19,------69,225,0.31,------17,
1615,539,0,0,40,19,------29,121,0.24,------18,
1618,540,0,0,16,19,------13,25,0.52,------19,
1621,541,0,0,8,19,------5,9,0.56,------1,
1624,542,0,1,4,19,------9,25,0.36,------2,
1627,543,0,1,12,19,------21,49,0.43,------3,
1630,544,0,1,8,19,------29,81,0.36,------4,
1633,545,0,1,12,19,------41,121,0.34,------5,
1636,546,1,1,12,19,------53,169,0.31,------6,
1639,547,1,1,36,19,------89,225,0.4,------7,
1642,548,0,0,60,19,------29,169,0.17,------8,
1645,549,0,0,24,19,------5,9,0.56,------1,
1648,550,0,0,4,19,------1,1,1.0,------9,
1651,551,0,1,4,19,------5,9,0.56,------1,
1654,552,0,1,4,19,------9,25,0.36,------2,
1657,553,0,1,12,19,------21,49,0.43,------3,
1660,554,0,1,8,19,------29,81,0.36,------4,
1663,555,0,1,12,19,------41,121,0.34,------5,
1666,556,1,1,12,19,------53,169,0.31,------6,
1669,557,1,1,36,19,------89,225,0.4,------7,
1672,558,1,1,28,19,------117,289,0.4,------10,
1675,559,1,1,12,19,------129,361,0.36,------11,
1678,560,1,0,40,19,------89,289,0.31,------12,
1681,561,1,0,28,19,------61,121,0.5,------13,
1684,562,0,0,20,19,------41,81,0.51,------14,
1687,563,1,1,4,19,------45,121,0.37,------15,
1690,564,1,1,12,19,------57,169,0.34,------16,
1693,565,1,1,12,19,------69,225,0.31,------17,
1696,566,0,0,40,19,------29,121,0.24,------18,
1699,567,0,0,16,19,------13,25,0.52,------19,
1702,568,0,0,8,19,------5,9,0.56,------1,
1705,569,0,1,4,19,------9,25,0.36,------2,
1708,570,0,1,12,19,------21,49,0.43,------3,
1711,571,0,1,8,19,------29,81,0.36,------4,
1714,572,0,1,12,19,------41,121,0.34,------5,
1717,573,1,1,12,19,------53,169,0.31,------6,
1720,574,1,1,36,19,------89,225,0.4,------7,
1723,575,0,0,60,19,------29,169,0.17,------8,
1726,576,0,0,24,19,------5,9,0.56,------1,
1729,577,0,0,4,19,------1,1,1.0,------9,
1732,578,0,1,4,19,------5,9,0.56,------1,
1735,579,0,1,4,19,------9,25,0.36,------2,
1738,580,0,1,12,19,------21,49,0.43,------3,
1741,581,0,1,8,19,------29,81,0.36,------4,
1744,582,0,1,12,19,------41,121,0.34,------5,
1747,583,1,1,12,19,------53,169,0.31,------6,
1750,584,1,1,36,19,------89,225,0.4,------7,
1753,585,1,1,28,19,------117,289,0.4,------10,
1756,586,1,1,12,19,------129,361,0.36,------11,
1759,587,1,0,40,19,------89,289,0.31,------12,
1762,588,1,0,28,19,------61,121,0.5,------13,
1765,589,0,0,20,19,------41,81,0.51,------14,
1768,590,1,1,4,19,------45,121,0.37,------15,
1771,591,1,1,12,19,------57,169,0.34,------16,
1774,592,1,1,12,19,------69,225,0.31,------17,
1777,593,0,0,40,19,------29,121,0.24,------18,
1780,594,0,0,16,19,------13,25,0.52,------19,
1783,595,0,0,8,19,------5,9,0.56,------1,
1786,596,0,1,4,19,------9,25,0.36,------2,
1789,597,0,1,12,19,------21,49,0.43,------3,
1792,598,0,1,8,19,------29,81,0.36,------4,
1795,599,0,1,12,19,------41,121,0.34,------5,
1798,600,1,1,12,19,------53,169,0.31,------6,
1801,601,1,1,36,19,------89,225,0.4,------7,
1804,602,0,0,60,19,------29,169,0.17,------8,
1807,603,0,0,24,19,------5,9,0.56,------1,
1810,604,0,0,4,19,------1,1,1.0,------9,
1813,605,0,1,4,19,------5,9,0.56,------1,
1816,606,0,1,4,19,------9,25,0.36,------2,
1819,607,0,1,12,19,------21,49,0.43,------3,
1822,608,0,1,8,19,------29,81,0.36,------4,
1825,609,0,1,12,19,------41,121,0.34,------5,
1828,610,1,1,12,19,------53,169,0.31,------6,
1831,611,1,1,36,19,------89,225,0.4,------7,
1834,612,1,1,28,19,------117,289,0.4,------10,
1837,613,1,1,12,19,------129,361,0.36,------11,
1840,614,1,0,40,19,------89,289,0.31,------12,
1843,615,1,0,28,19,------61,121,0.5,------13,
1846,616,0,0,20,19,------41,81,0.51,------14,
1849,617,1,1,4,19,------45,121,0.37,------15,
1852,618,1,1,12,19,------57,169,0.34,------16,
1855,619,1,1,12,19,------69,225,0.31,------17,
1858,620,0,0,40,19,------29,121,0.24,------18,
1861,621,0,0,16,19,------13,25,0.52,------19,
1864,622,0,0,8,19,------5,9,0.56,------1,
1867,623,0,1,4,19,------9,25,0.36,------2,
1870,624,0,1,12,19,------21,49,0.43,------3,
1873,625,0,1,8,19,------29,81,0.36,------4,
1876,626,0,1,12,19,------41,121,0.34,------5,
1879,627,1,1,12,19,------53,169,0.31,------6,
1882,628,1,1,36,19,------89,225,0.4,------7,
1885,629,0,0,60,19,------29,169,0.17,------8,
1888,630,0,0,24,19,------5,9,0.56,------1,
1891,631,0,0,4,19,------1,1,1.0,------9,
1894,632,0,1,4,19,------5,9,0.56,------1,
1897,633,0,1,4,19,------9,25,0.36,------2,
1900,634,0,1,12,19,------21,49,0.43,------3,
1903,635,0,1,8,19,------29,81,0.36,------4,
1906,636,0,1,12,19,------41,121,0.34,------5,
1909,637,1,1,12,19,------53,169,0.31,------6,
1912,638,1,1,36,19,------89,225,0.4,------7,
1915,639,1,1,28,19,------117,289,0.4,------10,
1918,640,1,1,12,19,------129,361,0.36,------11,
1921,641,1,0,40,19,------89,289,0.31,------12,
1924,642,1,0,28,19,------61,121,0.5,------13,
1927,643,0,0,20,19,------41,81,0.51,------14,
1930,644,1,1,4,19,------45,121,0.37,------15,
1933,645,1,1,12,19,------57,169,0.34,------16,
1936,646,1,1,12,19,------69,225,0.31,------17,
1939,647,0,0,40,19,------29,121,0.24,------18,
1942,648,0,0,16,19,------13,25,0.52,------19,
1945,649,0,0,8,19,------5,9,0.56,------1,
1948,650,0,1,4,19,------9,25,0.36,------2,
1951,651,0,1,12,19,------21,49,0.43,------3,
1954,652,0,1,8,19,------29,81,0.36,------4,
1957,653,0,1,12,19,------41,121,0.34,------5,
1960,654,1,1,12,19,------53,169,0.31,------6,
1963,655,1,1,36,19,------89,225,0.4,------7,
1966,656,0,0,60,19,------29,169,0.17,------8,
1969,657,0,0,24,19,------5,9,0.56,------1,
1972,658,0,0,4,19,------1,1,1.0,------9,
1975,659,0,1,4,19,------5,9,0.56,------1,
1978,660,0,1,4,19,------9,25,0.36,------2,
1981,661,0,1,12,19,------21,49,0.43,------3,
1984,662,0,1,8,19,------29,81,0.36,------4,
1987,663,0,1,12,19,------41,121,0.34,------5,
1990,664,1,1,12,19,------53,169,0.31,------6,
1993,665,1,1,36,19,------89,225,0.4,------7,
1996,666,1,1,28,19,------117,289,0.4,------10,
1999,667,1,1,12,19,------129,361,0.36,------11,
2002,668,1,0,40,19,------89,289,0.31,------12,
2005,669,1,0,28,19,------61,121,0.5,------13,
2008,670,0,0,20,19,------41,81,0.51,------14,
2011,671,1,1,4,19,------45,121,0.37,------15,
2014,672,1,1,12,19,------57,169,0.34,------16,
2017,673,1,1,12,19,------69,225,0.31,------17,
2020,674,0,0,40,19,------29,121,0.24,------18,
2023,675,0,0,16,19,------13,25,0.52,------19,
2026,676,0,0,8,19,------5,9,0.56,------1,
2029,677,0,1,4,19,------9,25,0.36,------2,
2032,678,0,1,12,19,------21,49,0.43,------3,
2035,679,0,1,8,19,------29,81,0.36,------4,
2038,680,0,1,12,19,------41,121,0.34,------5,
2041,681,1,1,12,19,------53,169,0.31,------6,
2044,682,1,1,36,19,------89,225,0.4,------7,
2047,683,0,0,60,19,------29,169,0.17,------8,
2050,684,0,0,24,19,------5,9,0.56,------1,
2053,685,0,0,4,19,------1,1,1.0,------9,
2056,686,0,1,4,19,------5,9,0.56,------1,
2059,687,0,1,4,19,------9,25,0.36,------2,
2062,688,0,1,12,19,------21,49,0.43,------3,
2065,689,0,1,8,19,------29,81,0.36,------4,
2068,690,0,1,12,19,------41,121,0.34,------5,
2071,691,1,1,12,19,------53,169,0.31,------6,
2074,692,1,1,36,19,------89,225,0.4,------7,
2077,693,1,1,28,19,------117,289,0.4,------10,
2080,694,1,1,12,19,------129,361,0.36,------11,
2083,695,1,0,40,19,------89,289,0.31,------12,
2086,696,1,0,28,19,------61,121,0.5,------13,
2089,697,0,0,20,19,------41,81,0.51,------14,
2092,698,1,1,4,19,------45,121,0.37,------15,
2095,699,1,1,12,19,------57,169,0.34,------16,
2098,700,1,1,12,19,------69,225,0.31,------17,
2101,701,0,0,40,19,------29,121,0.24,------18,
2104,702,0,0,16,19,------13,25,0.52,------19,
2107,703,0,0,8,19,------5,9,0.56,------1,
2110,704,0,1,4,19,------9,25,0.36,------2,
2113,705,0,1,12,19,------21,49,0.43,------3,
2116,706,0,1,8,19,------29,81,0.36,------4,
2119,707,0,1,12,19,------41,121,0.34,------5,
2122,708,1,1,12,19,------53,169,0.31,------6,
2125,709,1,1,36,19,------89,225,0.4,------7,
2128,710,0,0,60,19,------29,169,0.17,------8,
2131,711,0,0,24,19,------5,9,0.56,------1,
2134,712,0,0,4,19,------1,1,1.0,------9,
2137,713,0,1,4,19,------5,9,0.56,------1,
2140,714,0,1,4,19,------9,25,0.36,------2,
2143,715,0,1,12,19,------21,49,0.43,------3,
2146,716,0,1,8,19,------29,81,0.36,------4,
2149,717,0,1,12,19,------41,121,0.34,------5,
2152,718,1,1,12,19,------53,169,0.31,------6,
2155,719,1,1,36,19,------89,225,0.4,------7,
2158,720,1,1,28,19,------117,289,0.4,------10,
2161,721,1,1,12,19,------129,361,0.36,------11,
2164,722,1,0,40,19,------89,289,0.31,------12,
2167,723,1,0,28,19,------61,121,0.5,------13,
2170,724,0,0,20,19,------41,81,0.51,------14,
2173,725,1,1,4,19,------45,121,0.37,------15,
2176,726,1,1,12,19,------57,169,0.34,------16,
2179,727,1,1,12,19,------69,225,0.31,------17,
2182,728,0,0,40,19,------29,121,0.24,------18,
2185,729,0,0,16,19,------13,25,0.52,------19,
2188,730,0,0,8,19,------5,9,0.56,------1,
2191,731,0,1,4,19,------9,25,0.36,------2,
2194,732,0,1,12,19,------21,49,0.43,------3,
2197,733,0,1,8,19,------29,81,0.36,------4,
2200,734,0,1,12,19,------41,121,0.34,------5,
2203,735,1,1,12,19,------53,169,0.31,------6,
2206,736,1,1,36,19,------89,225,0.4,------7,
2209,737,0,0,60,19,------29,169,0.17,------8,
2212,738,0,0,24,19,------5,9,0.56,------1,
2215,739,0,0,4,19,------1,1,1.0,------9,
2218,740,0,1,4,19,------5,9,0.56,------1,
2221,741,0,1,4,19,------9,25,0.36,------2,
2224,742,0,1,12,19,------21,49,0.43,------3,
2227,743,0,1,8,19,------29,81,0.36,------4,
2230,744,0,1,12,19,------41,121,0.34,------5,
2233,745,1,1,12,19,------53,169,0.31,------6,
2236,746,1,1,36,19,------89,225,0.4,------7,
2239,747,1,1,28,19,------117,289,0.4,------10,
2242,748,1,1,12,19,------129,361,0.36,------11,
2245,749,1,0,40,19,------89,289,0.31,------12,
2248,750,1,0,28,19,------61,121,0.5,------13,
2251,751,0,0,20,19,------41,81,0.51,------14,
2254,752,1,1,4,19,------45,121,0.37,------15,
2257,753,1,1,12,19,------57,169,0.34,------16,
2260,754,1,1,12,19,------69,225,0.31,------17,
2263,755,0,0,40,19,------29,121,0.24,------18,
2266,756,0,0,16,19,------13,25,0.52,------19,
2269,757,0,0,8,19,------5,9,0.56,------1,
2272,758,0,1,4,19,------9,25,0.36,------2,
2275,759,0,1,12,19,------21,49,0.43,------3,
2278,760,0,1,8,19,------29,81,0.36,------4,
2281,761,0,1,12,19,------41,121,0.34,------5,
2284,762,1,1,12,19,------53,169,0.31,------6,
2287,763,1,1,36,19,------89,225,0.4,------7,
2290,764,0,0,60,19,------29,169,0.17,------8,
2293,765,0,0,24,19,------5,9,0.56,------1,
2296,766,0,0,4,19,------1,1,1.0,------9,
2299,767,0,1,4,19,------5,9,0.56,------1,
2302,768,0,1,4,19,------9,25,0.36,------2,
2305,769,0,1,12,19,------21,49,0.43,------3,
2308,770,0,1,8,19,------29,81,0.36,------4,
2311,771,0,1,12,19,------41,121,0.34,------5,
2314,772,1,1,12,19,------53,169,0.31,------6,
2317,773,1,1,36,19,------89,225,0.4,------7,
2320,774,1,1,28,19,------117,289,0.4,------10,
2323,775,1,1,12,19,------129,361,0.36,------11,
2326,776,1,0,40,19,------89,289,0.31,------12,
2329,777,1,0,28,19,------61,121,0.5,------13,
2332,778,0,0,20,19,------41,81,0.51,------14,
2335,779,1,1,4,19,------45,121,0.37,------15,
2338,780,1,1,12,19,------57,169,0.34,------16,
2341,781,1,1,12,19,------69,225,0.31,------17,
2344,782,0,0,40,19,------29,121,0.24,------18,
2347,783,0,0,16,19,------13,25,0.52,------19,
2350,784,0,0,8,19,------5,9,0.56,------1,
2353,785,0,1,4,19,------9,25,0.36,------2,
2356,786,0,1,12,19,------21,49,0.43,------3,
2359,787,0,1,8,19,------29,81,0.36,------4,
2362,788,0,1,12,19,------41,121,0.34,------5,
2365,789,1,1,12,19,------53,169,0.31,------6,
2368,790,1,1,36,19,------89,225,0.4,------7,
2371,791,0,0,60,19,------29,169,0.17,------8,
2374,792,0,0,24,19,------5,9,0.56,------1,
2377,793,0,0,4,19,------1,1,1.0,------9,
2380,794,0,1,4,19,------5,9,0.56,------1,
2383,795,0,1,4,19,------9,25,0.36,------2,
2386,796,0,1,12,19,------21,49,0.43,------3,
2389,797,0,1,8,19,------29,81,0.36,------4,
2392,798,0,1,12,19,------41,121,0.34,------5,
2395,799,1,1,12,19,------53,169,0.31,------6,
2398,800,1,1,36,19,------89,225,0.4,------7,
2401,801,1,1,28,19,------117,289,0.4,------10,
2404,802,1,1,12,19,------129,361,0.36,------11,
2407,803,1,0,40,19,------89,289,0.31,------12,
2410,804,1,0,28,19,------61,121,0.5,------13,
2413,805,0,0,20,19,------41,81,0.51,------14,
2416,806,1,1,4,19,------45,121,0.37,------15,
2419,807,1,1,12,19,------57,169,0.34,------16,
2422,808,1,1,12,19,------69,225,0.31,------17,
2425,809,0,0,40,19,------29,121,0.24,------18,
2428,810,0,0,16,19,------13,25,0.52,------19,
2431,811,0,0,8,19,------5,9,0.56,------1,
2434,812,0,1,4,19,------9,25,0.36,------2,
2437,813,0,1,12,19,------21,49,0.43,------3,
2440,814,0,1,8,19,------29,81,0.36,------4,
2443,815,0,1,12,19,------41,121,0.34,------5,
2446,816,1,1,12,19,------53,169,0.31,------6,
2449,817,1,1,36,19,------89,225,0.4,------7,
2452,818,0,0,60,19,------29,169,0.17,------8,
2455,819,0,0,24,19,------5,9,0.56,------1,
2458,820,0,0,4,19,------1,1,1.0,------9,
2461,821,0,1,4,19,------5,9,0.56,------1,
2464,822,0,1,4,19,------9,25,0.36,------2,
2467,823,0,1,12,19,------21,49,0.43,------3,
2470,824,0,1,8,19,------29,81,0.36,------4,
2473,825,0,1,12,19,------41,121,0.34,------5,
2476,826,1,1,12,19,------53,169,0.31,------6,
2479,827,1,1,36,19,------89,225,0.4,------7,
2482,828,1,1,28,19,------117,289,0.4,------10,
2485,829,1,1,12,19,------129,361,0.36,------11,
2488,830,1,0,40,19,------89,289,0.31,------12,
2491,831,1,0,28,19,------61,121,0.5,------13,
2494,832,0,0,20,19,------41,81,0.51,------14,
2497,833,1,1,4,19,------45,121,0.37,------15,
2500,834,1,1,12,19,------57,169,0.34,------16,
2503,835,1,1,12,19,------69,225,0.31,------17,
2506,836,0,0,40,19,------29,121,0.24,------18,
2509,837,0,0,16,19,------13,25,0.52,------19,
