L0A2-->Columns Header:, LevelCount, AutomataStep, AggregateState, Goal, StateDifference, DiversityCounter, LiveCellsCount, LiveCellsArea, LiveCellsDensity, StateId
1,1,0,1,0,1,------5,9,0.56,------1,
4,2,0,1,4,2,------9,25,0.36,------2,
7,3,0,1,12,3,------21,49,0.43,------3,
10,4,0,1,8,4,------29,81,0.36,------4,
13,5,0,1,12,5,------41,121,0.34,------5,
16,6,1,1,12,6,------53,169,0.31,------6,
19,7,1,1,36,7,------89,225,0.4,------7,
22,8,0,0,60,8,------29,169,0.17,------8,
25,9,0,0,24,8,------5,9,0.56,------1,
28,10,0,0,4,9,------1,1,1.0,------9,
31,11,0,0,1,10,------0,0,0.0,------10,
34,12,0,0,0,10,------0,0,0.0,------10,
37,13,0,0,0,10,------0,0,0.0,------10,
40,14,0,0,0,10,------0,0,0.0,------10,
43,15,0,0,0,10,------0,0,0.0,------10,
46,16,0,0,0,10,------0,0,0.0,------10,
49,17,0,1,0,10,------0,0,0.0,------10,
52,18,0,1,0,10,------0,0,0.0,------10,
55,19,0,1,0,10,------0,0,0.0,------10,
58,20,0,0,0,10,------0,0,0.0,------10,
61,21,0,0,0,10,------0,0,0.0,------10,
64,22,0,0,0,10,------0,0,0.0,------10,
67,23,0,0,0,10,------0,0,0.0,------10,
70,24,0,1,0,10,------0,0,0.0,------10,
73,25,0,1,0,10,------0,0,0.0,------10,
76,26,0,0,0,10,------0,0,0.0,------10,
79,27,0,0,0,10,------0,0,0.0,------10,
82,28,0,0,0,10,------0,0,0.0,------10,
85,29,0,0,0,10,------0,0,0.0,------10,
88,30,0,0,0,10,------0,0,0.0,------10,
91,31,0,0,0,10,------0,0,0.0,------10,
94,32,0,0,0,10,------0,0,0.0,------10,
97,33,0,0,0,10,------0,0,0.0,------10,
100,34,0,1,0,10,------0,0,0.0,------10,
103,35,0,0,0,10,------0,0,0.0,------10,
106,36,0,0,0,10,------0,0,0.0,------10,
109,37,0,0,0,10,------0,0,0.0,------10,
112,38,0,0,0,10,------0,0,0.0,------10,
115,39,0,0,0,10,------0,0,0.0,------10,
118,40,0,0,0,10,------0,0,0.0,------10,
121,41,0,0,0,10,------0,0,0.0,------10,
124,42,0,0,0,10,------0,0,0.0,------10,
127,43,0,0,0,10,------0,0,0.0,------10,
130,44,0,1,0,10,------0,0,0.0,------10,
133,45,0,1,0,10,------0,0,0.0,------10,
136,46,0,1,0,10,------0,0,0.0,------10,
139,47,0,0,0,10,------0,0,0.0,------10,
142,48,0,0,0,10,------0,0,0.0,------10,
145,49,0,0,0,10,------0,0,0.0,------10,
148,50,0,0,0,10,------0,0,0.0,------10,
151,51,0,1,0,10,------0,0,0.0,------10,
154,52,0,1,0,10,------0,0,0.0,------10,
157,53,0,0,0,10,------0,0,0.0,------10,
160,54,0,0,0,10,------0,0,0.0,------10,
163,55,0,0,0,10,------0,0,0.0,------10,
166,56,0,0,0,10,------0,0,0.0,------10,
169,57,0,0,0,10,------0,0,0.0,------10,
172,58,0,0,0,10,------0,0,0.0,------10,
175,59,0,0,0,10,------0,0,0.0,------10,
178,60,0,0,0,10,------0,0,0.0,------10,
181,61,0,1,0,10,------0,0,0.0,------10,
184,62,0,0,0,10,------0,0,0.0,------10,
187,63,0,0,0,10,------0,0,0.0,------10,
190,64,0,0,0,10,------0,0,0.0,------10,
193,65,0,0,0,10,------0,0,0.0,------10,
196,66,0,0,0,10,------0,0,0.0,------10,
199,67,0,0,0,10,------0,0,0.0,------10,
202,68,0,0,0,10,------0,0,0.0,------10,
205,69,0,0,0,10,------0,0,0.0,------10,
208,70,0,0,0,10,------0,0,0.0,------10,
211,71,0,1,0,10,------0,0,0.0,------10,
214,72,0,1,0,10,------0,0,0.0,------10,
217,73,0,1,0,10,------0,0,0.0,------10,
220,74,0,0,0,10,------0,0,0.0,------10,
223,75,0,0,0,10,------0,0,0.0,------10,
226,76,0,0,0,10,------0,0,0.0,------10,
229,77,0,0,0,10,------0,0,0.0,------10,
232,78,0,1,0,10,------0,0,0.0,------10,
235,79,0,1,0,10,------0,0,0.0,------10,
238,80,0,0,0,10,------0,0,0.0,------10,
241,81,0,0,0,10,------0,0,0.0,------10,
244,82,0,0,0,10,------0,0,0.0,------10,
247,83,0,0,0,10,------0,0,0.0,------10,
250,84,0,0,0,10,------0,0,0.0,------10,
253,85,0,0,0,10,------0,0,0.0,------10,
256,86,0,0,0,10,------0,0,0.0,------10,
259,87,0,0,0,10,------0,0,0.0,------10,
262,88,0,1,0,10,------0,0,0.0,------10,
265,89,0,0,0,10,------0,0,0.0,------10,
268,90,0,0,0,10,------0,0,0.0,------10,
271,91,0,0,0,10,------0,0,0.0,------10,
274,92,0,0,0,10,------0,0,0.0,------10,
277,93,0,0,0,10,------0,0,0.0,------10,
280,94,0,0,0,10,------0,0,0.0,------10,
283,95,0,0,0,10,------0,0,0.0,------10,
286,96,0,0,0,10,------0,0,0.0,------10,
289,97,0,0,0,10,------0,0,0.0,------10,
292,98,0,1,0,10,------0,0,0.0,------10,
295,99,0,1,0,10,------0,0,0.0,------10,
298,100,0,1,0,10,------0,0,0.0,------10,
301,101,0,0,0,10,------0,0,0.0,------10,
304,102,0,0,0,10,------0,0,0.0,------10,
307,103,0,0,0,10,------0,0,0.0,------10,
310,104,0,0,0,10,------0,0,0.0,------10,
313,105,0,1,0,10,------0,0,0.0,------10,
316,106,0,1,0,10,------0,0,0.0,------10,
319,107,0,0,0,10,------0,0,0.0,------10,
322,108,0,0,0,10,------0,0,0.0,------10,
325,109,0,0,0,10,------0,0,0.0,------10,
328,110,0,0,0,10,------0,0,0.0,------10,
331,111,0,0,0,10,------0,0,0.0,------10,
334,112,0,0,0,10,------0,0,0.0,------10,
337,113,0,0,0,10,------0,0,0.0,------10,
340,114,0,0,0,10,------0,0,0.0,------10,
343,115,0,1,0,10,------0,0,0.0,------10,
346,116,0,0,0,10,------0,0,0.0,------10,
349,117,0,0,0,10,------0,0,0.0,------10,
352,118,0,0,0,10,------0,0,0.0,------10,
355,119,0,0,0,10,------0,0,0.0,------10,
358,120,0,0,0,10,------0,0,0.0,------10,
361,121,0,0,0,10,------0,0,0.0,------10,
364,122,0,0,0,10,------0,0,0.0,------10,
367,123,0,0,0,10,------0,0,0.0,------10,
370,124,0,0,0,10,------0,0,0.0,------10,
373,125,0,1,0,10,------0,0,0.0,------10,
376,126,0,1,0,10,------0,0,0.0,------10,
379,127,0,1,0,10,------0,0,0.0,------10,
382,128,0,0,0,10,------0,0,0.0,------10,
385,129,0,0,0,10,------0,0,0.0,------10,
388,130,0,0,0,10,------0,0,0.0,------10,
391,131,0,0,0,10,------0,0,0.0,------10,
394,132,0,1,0,10,------0,0,0.0,------10,
397,133,0,1,0,10,------0,0,0.0,------10,
400,134,0,0,0,10,------0,0,0.0,------10,
403,135,0,0,0,10,------0,0,0.0,------10,
406,136,0,0,0,10,------0,0,0.0,------10,
409,137,0,0,0,10,------0,0,0.0,------10,
412,138,0,0,0,10,------0,0,0.0,------10,
415,139,0,0,0,10,------0,0,0.0,------10,
418,140,0,0,0,10,------0,0,0.0,------10,
421,141,0,0,0,10,------0,0,0.0,------10,
424,142,0,1,0,10,------0,0,0.0,------10,
427,143,0,0,0,10,------0,0,0.0,------10,
430,144,0,0,0,10,------0,0,0.0,------10,
433,145,0,0,0,10,------0,0,0.0,------10,
436,146,0,0,0,10,------0,0,0.0,------10,
439,147,0,0,0,10,------0,0,0.0,------10,
442,148,0,0,0,10,------0,0,0.0,------10,
445,149,0,0,0,10,------0,0,0.0,------10,
448,150,0,0,0,10,------0,0,0.0,------10,
451,151,0,0,0,10,------0,0,0.0,------10,
454,152,0,1,0,10,------0,0,0.0,------10,
457,153,0,1,0,10,------0,0,0.0,------10,
460,154,0,1,0,10,------0,0,0.0,------10,
463,155,0,0,0,10,------0,0,0.0,------10,
466,156,0,0,0,10,------0,0,0.0,------10,
469,157,0,0,0,10,------0,0,0.0,------10,
472,158,0,0,0,10,------0,0,0.0,------10,
475,159,0,1,0,10,------0,0,0.0,------10,
478,160,0,1,0,10,------0,0,0.0,------10,
481,161,0,0,0,10,------0,0,0.0,------10,
484,162,0,0,0,10,------0,0,0.0,------10,
487,163,0,0,0,10,------0,0,0.0,------10,
490,164,0,0,0,10,------0,0,0.0,------10,
493,165,0,0,0,10,------0,0,0.0,------10,
496,166,0,0,0,10,------0,0,0.0,------10,
499,167,0,0,0,10,------0,0,0.0,------10,
502,168,0,0,0,10,------0,0,0.0,------10,
505,169,0,1,0,10,------0,0,0.0,------10,
508,170,0,0,0,10,------0,0,0.0,------10,
511,171,0,0,0,10,------0,0,0.0,------10,
514,172,0,0,0,10,------0,0,0.0,------10,
517,173,0,0,0,10,------0,0,0.0,------10,
520,174,0,0,0,10,------0,0,0.0,------10,
523,175,0,0,0,10,------0,0,0.0,------10,
526,176,0,0,0,10,------0,0,0.0,------10,
529,177,0,0,0,10,------0,0,0.0,------10,
532,178,0,0,0,10,------0,0,0.0,------10,
535,179,0,1,0,10,------0,0,0.0,------10,
538,180,0,1,0,10,------0,0,0.0,------10,
541,181,0,1,0,10,------0,0,0.0,------10,
544,182,0,0,0,10,------0,0,0.0,------10,
547,183,0,0,0,10,------0,0,0.0,------10,
550,184,0,0,0,10,------0,0,0.0,------10,
553,185,0,0,0,10,------0,0,0.0,------10,
556,186,0,1,0,10,------0,0,0.0,------10,
559,187,0,1,0,10,------0,0,0.0,------10,
562,188,0,0,0,10,------0,0,0.0,------10,
565,189,0,0,0,10,------0,0,0.0,------10,
568,190,0,0,0,10,------0,0,0.0,------10,
571,191,0,0,0,10,------0,0,0.0,------10,
574,192,0,0,0,10,------0,0,0.0,------10,
577,193,0,0,0,10,------0,0,0.0,------10,
580,194,0,0,0,10,------0,0,0.0,------10,
583,195,0,0,0,10,------0,0,0.0,------10,
586,196,0,1,0,10,------0,0,0.0,------10,
589,197,0,0,0,10,------0,0,0.0,------10,
592,198,0,0,0,10,------0,0,0.0,------10,
595,199,0,0,0,10,------0,0,0.0,------10,
598,200,0,0,0,10,------0,0,0.0,------10,
601,201,0,0,0,10,------0,0,0.0,------10,
604,202,0,0,0,10,------0,0,0.0,------10,
607,203,0,0,0,10,------0,0,0.0,------10,
610,204,0,0,0,10,------0,0,0.0,------10,
613,205,0,0,0,10,------0,0,0.0,------10,
616,206,0,1,0,10,------0,0,0.0,------10,
619,207,0,1,0,10,------0,0,0.0,------10,
622,208,0,1,0,10,------0,0,0.0,------10,
625,209,0,0,0,10,------0,0,0.0,------10,
628,210,0,0,0,10,------0,0,0.0,------10,
631,211,0,0,0,10,------0,0,0.0,------10,
634,212,0,0,0,10,------0,0,0.0,------10,
637,213,0,1,0,10,------0,0,0.0,------10,
640,214,0,1,0,10,------0,0,0.0,------10,
643,215,0,0,0,10,------0,0,0.0,------10,
646,216,0,0,0,10,------0,0,0.0,------10,
649,217,0,0,0,10,------0,0,0.0,------10,
652,218,0,0,0,10,------0,0,0.0,------10,
655,219,0,0,0,10,------0,0,0.0,------10,
658,220,0,0,0,10,------0,0,0.0,------10,
661,221,0,0,0,10,------0,0,0.0,------10,
664,222,0,0,0,10,------0,0,0.0,------10,
667,223,0,1,0,10,------0,0,0.0,------10,
670,224,0,0,0,10,------0,0,0.0,------10,
673,225,0,0,0,10,------0,0,0.0,------10,
676,226,0,0,0,10,------0,0,0.0,------10,
679,227,0,0,0,10,------0,0,0.0,------10,
682,228,0,0,0,10,------0,0,0.0,------10,
685,229,0,0,0,10,------0,0,0.0,------10,
688,230,0,0,0,10,------0,0,0.0,------10,
691,231,0,0,0,10,------0,0,0.0,------10,
694,232,0,0,0,10,------0,0,0.0,------10,
697,233,0,1,0,10,------0,0,0.0,------10,
700,234,0,1,0,10,------0,0,0.0,------10,
703,235,0,1,0,10,------0,0,0.0,------10,
706,236,0,0,0,10,------0,0,0.0,------10,
709,237,0,0,0,10,------0,0,0.0,------10,
712,238,0,0,0,10,------0,0,0.0,------10,
715,239,0,0,0,10,------0,0,0.0,------10,
718,240,0,1,0,10,------0,0,0.0,------10,
721,241,0,1,0,10,------0,0,0.0,------10,
724,242,0,0,0,10,------0,0,0.0,------10,
727,243,0,0,0,10,------0,0,0.0,------10,
730,244,0,0,0,10,------0,0,0.0,------10,
733,245,0,0,0,10,------0,0,0.0,------10,
736,246,0,0,0,10,------0,0,0.0,------10,
739,247,0,0,0,10,------0,0,0.0,------10,
742,248,0,0,0,10,------0,0,0.0,------10,
745,249,0,0,0,10,------0,0,0.0,------10,
748,250,0,1,0,10,------0,0,0.0,------10,
751,251,0,0,0,10,------0,0,0.0,------10,
754,252,0,0,0,10,------0,0,0.0,------10,
757,253,0,0,0,10,------0,0,0.0,------10,
760,254,0,0,0,10,------0,0,0.0,------10,
763,255,0,0,0,10,------0,0,0.0,------10,
766,256,0,0,0,10,------0,0,0.0,------10,
769,257,0,0,0,10,------0,0,0.0,------10,
772,258,0,0,0,10,------0,0,0.0,------10,
775,259,0,0,0,10,------0,0,0.0,------10,
778,260,0,1,0,10,------0,0,0.0,------10,
781,261,0,1,0,10,------0,0,0.0,------10,
784,262,0,1,0,10,------0,0,0.0,------10,
787,263,0,0,0,10,------0,0,0.0,------10,
790,264,0,0,0,10,------0,0,0.0,------10,
793,265,0,0,0,10,------0,0,0.0,------10,
796,266,0,0,0,10,------0,0,0.0,------10,
799,267,0,1,0,10,------0,0,0.0,------10,
802,268,0,1,0,10,------0,0,0.0,------10,
805,269,0,0,0,10,------0,0,0.0,------10,
808,270,0,0,0,10,------0,0,0.0,------10,
811,271,0,0,0,10,------0,0,0.0,------10,
814,272,0,0,0,10,------0,0,0.0,------10,
817,273,0,0,0,10,------0,0,0.0,------10,
820,274,0,0,0,10,------0,0,0.0,------10,
823,275,0,0,0,10,------0,0,0.0,------10,
826,276,0,0,0,10,------0,0,0.0,------10,
829,277,0,1,0,10,------0,0,0.0,------10,
832,278,0,0,0,10,------0,0,0.0,------10,
835,279,0,0,0,10,------0,0,0.0,------10,
838,280,0,0,0,10,------0,0,0.0,------10,
841,281,0,0,0,10,------0,0,0.0,------10,
844,282,0,0,0,10,------0,0,0.0,------10,
847,283,0,0,0,10,------0,0,0.0,------10,
850,284,0,0,0,10,------0,0,0.0,------10,
853,285,0,0,0,10,------0,0,0.0,------10,
856,286,0,0,0,10,------0,0,0.0,------10,
859,287,0,1,0,10,------0,0,0.0,------10,
862,288,0,1,0,10,------0,0,0.0,------10,
865,289,0,1,0,10,------0,0,0.0,------10,
868,290,0,0,0,10,------0,0,0.0,------10,
871,291,0,0,0,10,------0,0,0.0,------10,
874,292,0,0,0,10,------0,0,0.0,------10,
877,293,0,0,0,10,------0,0,0.0,------10,
880,294,0,1,0,10,------0,0,0.0,------10,
883,295,0,1,0,10,------0,0,0.0,------10,
886,296,0,0,0,10,------0,0,0.0,------10,
889,297,0,0,0,10,------0,0,0.0,------10,
892,298,0,0,0,10,------0,0,0.0,------10,
895,299,0,0,0,10,------0,0,0.0,------10,
898,300,0,0,0,10,------0,0,0.0,------10,
901,301,0,0,0,10,------0,0,0.0,------10,
904,302,0,0,0,10,------0,0,0.0,------10,
907,303,0,0,0,10,------0,0,0.0,------10,
910,304,0,1,0,10,------0,0,0.0,------10,
913,305,0,0,0,10,------0,0,0.0,------10,
916,306,0,0,0,10,------0,0,0.0,------10,
919,307,0,0,0,10,------0,0,0.0,------10,
922,308,0,0,0,10,------0,0,0.0,------10,
925,309,0,0,0,10,------0,0,0.0,------10,
928,310,0,0,0,10,------0,0,0.0,------10,
931,311,0,0,0,10,------0,0,0.0,------10,
934,312,0,0,0,10,------0,0,0.0,------10,
937,313,0,0,0,10,------0,0,0.0,------10,
940,314,0,1,0,10,------0,0,0.0,------10,
943,315,0,1,0,10,------0,0,0.0,------10,
946,316,0,1,0,10,------0,0,0.0,------10,
949,317,0,0,0,10,------0,0,0.0,------10,
952,318,0,0,0,10,------0,0,0.0,------10,
955,319,0,0,0,10,------0,0,0.0,------10,
958,320,0,0,0,10,------0,0,0.0,------10,
961,321,0,1,0,10,------0,0,0.0,------10,
964,322,0,1,0,10,------0,0,0.0,------10,
967,323,0,0,0,10,------0,0,0.0,------10,
970,324,0,0,0,10,------0,0,0.0,------10,
973,325,0,0,0,10,------0,0,0.0,------10,
976,326,0,0,0,10,------0,0,0.0,------10,
979,327,0,0,0,10,------0,0,0.0,------10,
982,328,0,0,0,10,------0,0,0.0,------10,
985,329,0,0,0,10,------0,0,0.0,------10,
988,330,0,0,0,10,------0,0,0.0,------10,
991,331,0,1,0,10,------0,0,0.0,------10,
994,332,0,0,0,10,------0,0,0.0,------10,
997,333,0,0,0,10,------0,0,0.0,------10,
1000,334,0,0,0,10,------0,0,0.0,------10,
1003,335,0,0,0,10,------0,0,0.0,------10,
1006,336,0,0,0,10,------0,0,0.0,------10,
1009,337,0,0,0,10,------0,0,0.0,------10,
1012,338,0,0,0,10,------0,0,0.0,------10,
1015,339,0,0,0,10,------0,0,0.0,------10,
1018,340,0,0,0,10,------0,0,0.0,------10,
1021,341,0,1,0,10,------0,0,0.0,------10,
1024,342,0,1,0,10,------0,0,0.0,------10,
1027,343,0,1,0,10,------0,0,0.0,------10,
1030,344,0,0,0,10,------0,0,0.0,------10,
1033,345,0,0,0,10,------0,0,0.0,------10,
1036,346,0,0,0,10,------0,0,0.0,------10,
1039,347,0,0,0,10,------0,0,0.0,------10,
1042,348,0,1,0,10,------0,0,0.0,------10,
1045,349,0,1,0,10,------0,0,0.0,------10,
1048,350,0,0,0,10,------0,0,0.0,------10,
1051,351,0,0,0,10,------0,0,0.0,------10,
1054,352,0,0,0,10,------0,0,0.0,------10,
1057,353,0,0,0,10,------0,0,0.0,------10,
1060,354,0,0,0,10,------0,0,0.0,------10,
1063,355,0,0,0,10,------0,0,0.0,------10,
1066,356,0,0,0,10,------0,0,0.0,------10,
1069,357,0,0,0,10,------0,0,0.0,------10,
1072,358,0,1,0,10,------0,0,0.0,------10,
1075,359,0,0,0,10,------0,0,0.0,------10,
1078,360,0,0,0,10,------0,0,0.0,------10,
1081,361,0,0,0,10,------0,0,0.0,------10,
1084,362,0,0,0,10,------0,0,0.0,------10,
1087,363,0,0,0,10,------0,0,0.0,------10,
1090,364,0,0,0,10,------0,0,0.0,------10,
1093,365,0,0,0,10,------0,0,0.0,------10,
1096,366,0,0,0,10,------0,0,0.0,------10,
1099,367,0,0,0,10,------0,0,0.0,------10,
1102,368,0,1,0,10,------0,0,0.0,------10,
1105,369,0,1,0,10,------0,0,0.0,------10,
1108,370,0,1,0,10,------0,0,0.0,------10,
1111,371,0,0,0,10,------0,0,0.0,------10,
1114,372,0,0,0,10,------0,0,0.0,------10,
1117,373,0,0,0,10,------0,0,0.0,------10,
1120,374,0,0,0,10,------0,0,0.0,------10,
1123,375,0,1,0,10,------0,0,0.0,------10,
1126,376,0,1,0,10,------0,0,0.0,------10,
1129,377,0,0,0,10,------0,0,0.0,------10,
1132,378,0,0,0,10,------0,0,0.0,------10,
1135,379,0,0,0,10,------0,0,0.0,------10,
1138,380,0,0,0,10,------0,0,0.0,------10,
1141,381,0,0,0,10,------0,0,0.0,------10,
1144,382,0,0,0,10,------0,0,0.0,------10,
1147,383,0,0,0,10,------0,0,0.0,------10,
1150,384,0,0,0,10,------0,0,0.0,------10,
1153,385,0,1,0,10,------0,0,0.0,------10,
1156,386,0,0,0,10,------0,0,0.0,------10,
1159,387,0,0,0,10,------0,0,0.0,------10,
1162,388,0,0,0,10,------0,0,0.0,------10,
1165,389,0,0,0,10,------0,0,0.0,------10,
1168,390,0,0,0,10,------0,0,0.0,------10,
1171,391,0,0,0,10,------0,0,0.0,------10,
1174,392,0,0,0,10,------0,0,0.0,------10,
1177,393,0,0,0,10,------0,0,0.0,------10,
1180,394,0,0,0,10,------0,0,0.0,------10,
1183,395,0,1,0,10,------0,0,0.0,------10,
1186,396,0,1,0,10,------0,0,0.0,------10,
1189,397,0,1,0,10,------0,0,0.0,------10,
1192,398,0,0,0,10,------0,0,0.0,------10,
1195,399,0,0,0,10,------0,0,0.0,------10,
1198,400,0,0,0,10,------0,0,0.0,------10,
1201,401,0,0,0,10,------0,0,0.0,------10,
1204,402,0,1,0,10,------0,0,0.0,------10,
1207,403,0,1,0,10,------0,0,0.0,------10,
1210,404,0,0,0,10,------0,0,0.0,------10,
1213,405,0,0,0,10,------0,0,0.0,------10,
1216,406,0,0,0,10,------0,0,0.0,------10,
1219,407,0,0,0,10,------0,0,0.0,------10,
1222,408,0,0,0,10,------0,0,0.0,------10,
1225,409,0,0,0,10,------0,0,0.0,------10,
1228,410,0,0,0,10,------0,0,0.0,------10,
1231,411,0,0,0,10,------0,0,0.0,------10,
1234,412,0,1,0,10,------0,0,0.0,------10,
1237,413,0,0,0,10,------0,0,0.0,------10,
1240,414,0,0,0,10,------0,0,0.0,------10,
1243,415,0,0,0,10,------0,0,0.0,------10,
1246,416,0,0,0,10,------0,0,0.0,------10,
1249,417,0,0,0,10,------0,0,0.0,------10,
1252,418,0,0,0,10,------0,0,0.0,------10,
1255,419,0,0,0,10,------0,0,0.0,------10,
1258,420,0,0,0,10,------0,0,0.0,------10,
1261,421,0,0,0,10,------0,0,0.0,------10,
1264,422,0,1,0,10,------0,0,0.0,------10,
1267,423,0,1,0,10,------0,0,0.0,------10,
1270,424,0,1,0,10,------0,0,0.0,------10,
1273,425,0,0,0,10,------0,0,0.0,------10,
1276,426,0,0,0,10,------0,0,0.0,------10,
1279,427,0,0,0,10,------0,0,0.0,------10,
1282,428,0,0,0,10,------0,0,0.0,------10,
1285,429,0,1,0,10,------0,0,0.0,------10,
1288,430,0,1,0,10,------0,0,0.0,------10,
1291,431,0,0,0,10,------0,0,0.0,------10,
1294,432,0,0,0,10,------0,0,0.0,------10,
1297,433,0,0,0,10,------0,0,0.0,------10,
1300,434,0,0,0,10,------0,0,0.0,------10,
1303,435,0,0,0,10,------0,0,0.0,------10,
1306,436,0,0,0,10,------0,0,0.0,------10,
1309,437,0,0,0,10,------0,0,0.0,------10,
1312,438,0,0,0,10,------0,0,0.0,------10,
1315,439,0,1,0,10,------0,0,0.0,------10,
1318,440,0,0,0,10,------0,0,0.0,------10,
1321,441,0,0,0,10,------0,0,0.0,------10,
1324,442,0,0,0,10,------0,0,0.0,------10,
1327,443,0,0,0,10,------0,0,0.0,------10,
1330,444,0,0,0,10,------0,0,0.0,------10,
1333,445,0,0,0,10,------0,0,0.0,------10,
1336,446,0,0,0,10,------0,0,0.0,------10,
1339,447,0,0,0,10,------0,0,0.0,------10,
1342,448,0,0,0,10,------0,0,0.0,------10,
1345,449,0,1,0,10,------0,0,0.0,------10,
1348,450,0,1,0,10,------0,0,0.0,------10,
1351,451,0,1,0,10,------0,0,0.0,------10,
1354,452,0,0,0,10,------0,0,0.0,------10,
1357,453,0,0,0,10,------0,0,0.0,------10,
1360,454,0,0,0,10,------0,0,0.0,------10,
1363,455,0,0,0,10,------0,0,0.0,------10,
1366,456,0,1,0,10,------0,0,0.0,------10,
1369,457,0,1,0,10,------0,0,0.0,------10,
1372,458,0,0,0,10,------0,0,0.0,------10,
1375,459,0,0,0,10,------0,0,0.0,------10,
1378,460,0,0,0,10,------0,0,0.0,------10,
1381,461,0,0,0,10,------0,0,0.0,------10,
1384,462,0,0,0,10,------0,0,0.0,------10,
1387,463,0,0,0,10,------0,0,0.0,------10,
1390,464,0,0,0,10,------0,0,0.0,------10,
1393,465,0,0,0,10,------0,0,0.0,------10,
1396,466,0,1,0,10,------0,0,0.0,------10,
1399,467,0,0,0,10,------0,0,0.0,------10,
1402,468,0,0,0,10,------0,0,0.0,------10,
1405,469,0,0,0,10,------0,0,0.0,------10,
1408,470,0,0,0,10,------0,0,0.0,------10,
1411,471,0,0,0,10,------0,0,0.0,------10,
1414,472,0,0,0,10,------0,0,0.0,------10,
1417,473,0,0,0,10,------0,0,0.0,------10,
1420,474,0,0,0,10,------0,0,0.0,------10,
1423,475,0,0,0,10,------0,0,0.0,------10,
1426,476,0,1,0,10,------0,0,0.0,------10,
1429,477,0,1,0,10,------0,0,0.0,------10,
1432,478,0,1,0,10,------0,0,0.0,------10,
1435,479,0,0,0,10,------0,0,0.0,------10,
1438,480,0,0,0,10,------0,0,0.0,------10,
1441,481,0,0,0,10,------0,0,0.0,------10,
1444,482,0,0,0,10,------0,0,0.0,------10,
1447,483,0,1,0,10,------0,0,0.0,------10,
1450,484,0,1,0,10,------0,0,0.0,------10,
1453,485,0,0,0,10,------0,0,0.0,------10,
1456,486,0,0,0,10,------0,0,0.0,------10,
1459,487,0,0,0,10,------0,0,0.0,------10,
1462,488,0,0,0,10,------0,0,0.0,------10,
1465,489,0,0,0,10,------0,0,0.0,------10,
1468,490,0,0,0,10,------0,0,0.0,------10,
1471,491,0,0,0,10,------0,0,0.0,------10,
1474,492,0,0,0,10,------0,0,0.0,------10,
1477,493,0,1,0,10,------0,0,0.0,------10,
1480,494,0,0,0,10,------0,0,0.0,------10,
1483,495,0,0,0,10,------0,0,0.0,------10,
1486,496,0,0,0,10,------0,0,0.0,------10,
1489,497,0,0,0,10,------0,0,0.0,------10,
1492,498,0,0,0,10,------0,0,0.0,------10,
1495,499,0,0,0,10,------0,0,0.0,------10,
1498,500,0,0,0,10,------0,0,0.0,------10,
1501,501,0,0,0,10,------0,0,0.0,------10,
1504,502,0,0,0,10,------0,0,0.0,------10,
1507,503,0,1,0,10,------0,0,0.0,------10,
1510,504,0,1,0,10,------0,0,0.0,------10,
1513,505,0,1,0,10,------0,0,0.0,------10,
1516,506,0,0,0,10,------0,0,0.0,------10,
1519,507,0,0,0,10,------0,0,0.0,------10,
1522,508,0,0,0,10,------0,0,0.0,------10,
1525,509,0,0,0,10,------0,0,0.0,------10,
1528,510,0,1,0,10,------0,0,0.0,------10,
1531,511,0,1,0,10,------0,0,0.0,------10,
1534,512,0,0,0,10,------0,0,0.0,------10,
1537,513,0,0,0,10,------0,0,0.0,------10,
1540,514,0,0,0,10,------0,0,0.0,------10,
1543,515,0,0,0,10,------0,0,0.0,------10,
1546,516,0,0,0,10,------0,0,0.0,------10,
1549,517,0,0,0,10,------0,0,0.0,------10,
1552,518,0,0,0,10,------0,0,0.0,------10,
1555,519,0,0,0,10,------0,0,0.0,------10,
1558,520,0,1,0,10,------0,0,0.0,------10,
1561,521,0,0,0,10,------0,0,0.0,------10,
1564,522,0,0,0,10,------0,0,0.0,------10,
1567,523,0,0,0,10,------0,0,0.0,------10,
1570,524,0,0,0,10,------0,0,0.0,------10,
1573,525,0,0,0,10,------0,0,0.0,------10,
1576,526,0,0,0,10,------0,0,0.0,------10,
1579,527,0,0,0,10,------0,0,0.0,------10,
1582,528,0,0,0,10,------0,0,0.0,------10,
1585,529,0,0,0,10,------0,0,0.0,------10,
1588,530,0,1,0,10,------0,0,0.0,------10,
1591,531,0,1,0,10,------0,0,0.0,------10,
1594,532,0,1,0,10,------0,0,0.0,------10,
1597,533,0,0,0,10,------0,0,0.0,------10,
1600,534,0,0,0,10,------0,0,0.0,------10,
1603,535,0,0,0,10,------0,0,0.0,------10,
1606,536,0,0,0,10,------0,0,0.0,------10,
1609,537,0,1,0,10,------0,0,0.0,------10,
1612,538,0,1,0,10,------0,0,0.0,------10,
1615,539,0,0,0,10,------0,0,0.0,------10,
1618,540,0,0,0,10,------0,0,0.0,------10,
1621,541,0,0,0,10,------0,0,0.0,------10,
1624,542,0,0,0,10,------0,0,0.0,------10,
1627,543,0,0,0,10,------0,0,0.0,------10,
1630,544,0,0,0,10,------0,0,0.0,------10,
1633,545,0,0,0,10,------0,0,0.0,------10,
1636,546,0,0,0,10,------0,0,0.0,------10,
1639,547,0,1,0,10,------0,0,0.0,------10,
1642,548,0,0,0,10,------0,0,0.0,------10,
1645,549,0,0,0,10,------0,0,0.0,------10,
1648,550,0,0,0,10,------0,0,0.0,------10,
1651,551,0,0,0,10,------0,0,0.0,------10,
1654,552,0,0,0,10,------0,0,0.0,------10,
1657,553,0,0,0,10,------0,0,0.0,------10,
1660,554,0,0,0,10,------0,0,0.0,------10,
1663,555,0,0,0,10,------0,0,0.0,------10,
1666,556,0,0,0,10,------0,0,0.0,------10,
1669,557,0,1,0,10,------0,0,0.0,------10,
1672,558,0,1,0,10,------0,0,0.0,------10,
1675,559,0,1,0,10,------0,0,0.0,------10,
1678,560,0,0,0,10,------0,0,0.0,------10,
1681,561,0,0,0,10,------0,0,0.0,------10,
1684,562,0,0,0,10,------0,0,0.0,------10,
1687,563,0,0,0,10,------0,0,0.0,------10,
1690,564,0,1,0,10,------0,0,0.0,------10,
1693,565,0,1,0,10,------0,0,0.0,------10,
1696,566,0,0,0,10,------0,0,0.0,------10,
1699,567,0,0,0,10,------0,0,0.0,------10,
1702,568,0,0,0,10,------0,0,0.0,------10,
1705,569,0,0,0,10,------0,0,0.0,------10,
1708,570,0,0,0,10,------0,0,0.0,------10,
1711,571,0,0,0,10,------0,0,0.0,------10,
1714,572,0,0,0,10,------0,0,0.0,------10,
1717,573,0,0,0,10,------0,0,0.0,------10,
1720,574,0,1,0,10,------0,0,0.0,------10,
1723,575,0,0,0,10,------0,0,0.0,------10,
1726,576,0,0,0,10,------0,0,0.0,------10,
1729,577,0,0,0,10,------0,0,0.0,------10,
1732,578,0,0,0,10,------0,0,0.0,------10,
1735,579,0,0,0,10,------0,0,0.0,------10,
1738,580,0,0,0,10,------0,0,0.0,------10,
1741,581,0,0,0,10,------0,0,0.0,------10,
1744,582,0,0,0,10,------0,0,0.0,------10,
1747,583,0,0,0,10,------0,0,0.0,------10,
1750,584,0,1,0,10,------0,0,0.0,------10,
1753,585,0,1,0,10,------0,0,0.0,------10,
1756,586,0,1,0,10,------0,0,0.0,------10,
1759,587,0,0,0,10,------0,0,0.0,------10,
1762,588,0,0,0,10,------0,0,0.0,------10,
1765,589,0,0,0,10,------0,0,0.0,------10,
1768,590,0,0,0,10,------0,0,0.0,------10,
1771,591,0,1,0,10,------0,0,0.0,------10,
1774,592,0,1,0,10,------0,0,0.0,------10,
1777,593,0,0,0,10,------0,0,0.0,------10,
1780,594,0,0,0,10,------0,0,0.0,------10,
1783,595,0,0,0,10,------0,0,0.0,------10,
1786,596,0,0,0,10,------0,0,0.0,------10,
1789,597,0,0,0,10,------0,0,0.0,------10,
1792,598,0,0,0,10,------0,0,0.0,------10,
1795,599,0,0,0,10,------0,0,0.0,------10,
1798,600,0,0,0,10,------0,0,0.0,------10,
1801,601,0,1,0,10,------0,0,0.0,------10,
1804,602,0,0,0,10,------0,0,0.0,------10,
1807,603,0,0,0,10,------0,0,0.0,------10,
1810,604,0,0,0,10,------0,0,0.0,------10,
1813,605,0,0,0,10,------0,0,0.0,------10,
1816,606,0,0,0,10,------0,0,0.0,------10,
1819,607,0,0,0,10,------0,0,0.0,------10,
1822,608,0,0,0,10,------0,0,0.0,------10,
1825,609,0,0,0,10,------0,0,0.0,------10,
1828,610,0,0,0,10,------0,0,0.0,------10,
1831,611,0,1,0,10,------0,0,0.0,------10,
1834,612,0,1,0,10,------0,0,0.0,------10,
1837,613,0,1,0,10,------0,0,0.0,------10,
1840,614,0,0,0,10,------0,0,0.0,------10,
1843,615,0,0,0,10,------0,0,0.0,------10,
1846,616,0,0,0,10,------0,0,0.0,------10,
1849,617,0,0,0,10,------0,0,0.0,------10,
1852,618,0,1,0,10,------0,0,0.0,------10,
1855,619,0,1,0,10,------0,0,0.0,------10,
1858,620,0,0,0,10,------0,0,0.0,------10,
1861,621,0,0,0,10,------0,0,0.0,------10,
1864,622,0,0,0,10,------0,0,0.0,------10,
1867,623,0,0,0,10,------0,0,0.0,------10,
1870,624,0,0,0,10,------0,0,0.0,------10,
1873,625,0,0,0,10,------0,0,0.0,------10,
1876,626,0,0,0,10,------0,0,0.0,------10,
1879,627,0,0,0,10,------0,0,0.0,------10,
1882,628,0,1,0,10,------0,0,0.0,------10,
1885,629,0,0,0,10,------0,0,0.0,------10,
1888,630,0,0,0,10,------0,0,0.0,------10,
1891,631,0,0,0,10,------0,0,0.0,------10,
1894,632,0,0,0,10,------0,0,0.0,------10,
1897,633,0,0,0,10,------0,0,0.0,------10,
1900,634,0,0,0,10,------0,0,0.0,------10,
1903,635,0,0,0,10,------0,0,0.0,------10,
1906,636,0,0,0,10,------0,0,0.0,------10,
1909,637,0,0,0,10,------0,0,0.0,------10,
1912,638,0,1,0,10,------0,0,0.0,------10,
1915,639,0,1,0,10,------0,0,0.0,------10,
1918,640,0,1,0,10,------0,0,0.0,------10,
1921,641,0,0,0,10,------0,0,0.0,------10,
1924,642,0,0,0,10,------0,0,0.0,------10,
1927,643,0,0,0,10,------0,0,0.0,------10,
1930,644,0,0,0,10,------0,0,0.0,------10,
1933,645,0,1,0,10,------0,0,0.0,------10,
1936,646,0,1,0,10,------0,0,0.0,------10,
1939,647,0,0,0,10,------0,0,0.0,------10,
1942,648,0,0,0,10,------0,0,0.0,------10,
1945,649,0,0,0,10,------0,0,0.0,------10,
1948,650,0,0,0,10,------0,0,0.0,------10,
1951,651,0,0,0,10,------0,0,0.0,------10,
1954,652,0,0,0,10,------0,0,0.0,------10,
1957,653,0,0,0,10,------0,0,0.0,------10,
1960,654,0,0,0,10,------0,0,0.0,------10,
1963,655,0,1,0,10,------0,0,0.0,------10,
1966,656,0,0,0,10,------0,0,0.0,------10,
1969,657,0,0,0,10,------0,0,0.0,------10,
1972,658,0,0,0,10,------0,0,0.0,------10,
1975,659,0,0,0,10,------0,0,0.0,------10,
1978,660,0,0,0,10,------0,0,0.0,------10,
1981,661,0,0,0,10,------0,0,0.0,------10,
1984,662,0,0,0,10,------0,0,0.0,------10,
1987,663,0,0,0,10,------0,0,0.0,------10,
1990,664,0,0,0,10,------0,0,0.0,------10,
1993,665,0,1,0,10,------0,0,0.0,------10,
1996,666,0,1,0,10,------0,0,0.0,------10,
1999,667,0,1,0,10,------0,0,0.0,------10,
2002,668,0,0,0,10,------0,0,0.0,------10,
2005,669,0,0,0,10,------0,0,0.0,------10,
2008,670,0,0,0,10,------0,0,0.0,------10,
2011,671,0,0,0,10,------0,0,0.0,------10,
2014,672,0,1,0,10,------0,0,0.0,------10,
2017,673,0,1,0,10,------0,0,0.0,------10,
2020,674,0,0,0,10,------0,0,0.0,------10,
2023,675,0,0,0,10,------0,0,0.0,------10,
2026,676,0,0,0,10,------0,0,0.0,------10,
2029,677,0,0,0,10,------0,0,0.0,------10,
2032,678,0,0,0,10,------0,0,0.0,------10,
2035,679,0,0,0,10,------0,0,0.0,------10,
2038,680,0,0,0,10,------0,0,0.0,------10,
2041,681,0,0,0,10,------0,0,0.0,------10,
2044,682,0,1,0,10,------0,0,0.0,------10,
2047,683,0,0,0,10,------0,0,0.0,------10,
2050,684,0,0,0,10,------0,0,0.0,------10,
2053,685,0,0,0,10,------0,0,0.0,------10,
2056,686,0,0,0,10,------0,0,0.0,------10,
2059,687,0,0,0,10,------0,0,0.0,------10,
2062,688,0,0,0,10,------0,0,0.0,------10,
2065,689,0,0,0,10,------0,0,0.0,------10,
2068,690,0,0,0,10,------0,0,0.0,------10,
2071,691,0,0,0,10,------0,0,0.0,------10,
2074,692,0,1,0,10,------0,0,0.0,------10,
2077,693,0,1,0,10,------0,0,0.0,------10,
2080,694,0,1,0,10,------0,0,0.0,------10,
2083,695,0,0,0,10,------0,0,0.0,------10,
2086,696,0,0,0,10,------0,0,0.0,------10,
2089,697,0,0,0,10,------0,0,0.0,------10,
2092,698,0,0,0,10,------0,0,0.0,------10,
2095,699,0,1,0,10,------0,0,0.0,------10,
2098,700,0,1,0,10,------0,0,0.0,------10,
2101,701,0,0,0,10,------0,0,0.0,------10,
2104,702,0,0,0,10,------0,0,0.0,------10,
2107,703,0,0,0,10,------0,0,0.0,------10,
2110,704,0,0,0,10,------0,0,0.0,------10,
2113,705,0,0,0,10,------0,0,0.0,------10,
2116,706,0,0,0,10,------0,0,0.0,------10,
2119,707,0,0,0,10,------0,0,0.0,------10,
2122,708,0,0,0,10,------0,0,0.0,------10,
2125,709,0,1,0,10,------0,0,0.0,------10,
2128,710,0,0,0,10,------0,0,0.0,------10,
2131,711,0,0,0,10,------0,0,0.0,------10,
2134,712,0,0,0,10,------0,0,0.0,------10,
2137,713,0,0,0,10,------0,0,0.0,------10,
2140,714,0,0,0,10,------0,0,0.0,------10,
2143,715,0,0,0,10,------0,0,0.0,------10,
2146,716,0,0,0,10,------0,0,0.0,------10,
2149,717,0,0,0,10,------0,0,0.0,------10,
2152,718,0,0,0,10,------0,0,0.0,------10,
2155,719,0,1,0,10,------0,0,0.0,------10,
2158,720,0,1,0,10,------0,0,0.0,------10,
2161,721,0,1,0,10,------0,0,0.0,------10,
2164,722,0,0,0,10,------0,0,0.0,------10,
2167,723,0,0,0,10,------0,0,0.0,------10,
2170,724,0,0,0,10,------0,0,0.0,------10,
2173,725,0,0,0,10,------0,0,0.0,------10,
2176,726,0,1,0,10,------0,0,0.0,------10,
2179,727,0,1,0,10,------0,0,0.0,------10,
2182,728,0,0,0,10,------0,0,0.0,------10,
2185,729,0,0,0,10,------0,0,0.0,------10,
2188,730,0,0,0,10,------0,0,0.0,------10,
2191,731,0,0,0,10,------0,0,0.0,------10,
2194,732,0,0,0,10,------0,0,0.0,------10,
2197,733,0,0,0,10,------0,0,0.0,------10,
2200,734,0,0,0,10,------0,0,0.0,------10,
2203,735,0,0,0,10,------0,0,0.0,------10,
2206,736,0,1,0,10,------0,0,0.0,------10,
2209,737,0,0,0,10,------0,0,0.0,------10,
2212,738,0,0,0,10,------0,0,0.0,------10,
2215,739,0,0,0,10,------0,0,0.0,------10,
2218,740,0,0,0,10,------0,0,0.0,------10,
2221,741,0,0,0,10,------0,0,0.0,------10,
2224,742,0,0,0,10,------0,0,0.0,------10,
2227,743,0,0,0,10,------0,0,0.0,------10,
2230,744,0,0,0,10,------0,0,0.0,------10,
2233,745,0,0,0,10,------0,0,0.0,------10,
2236,746,0,1,0,10,------0,0,0.0,------10,
2239,747,0,1,0,10,------0,0,0.0,------10,
2242,748,0,1,0,10,------0,0,0.0,------10,
2245,749,0,0,0,10,------0,0,0.0,------10,
2248,750,0,0,0,10,------0,0,0.0,------10,
2251,751,0,0,0,10,------0,0,0.0,------10,
2254,752,0,0,0,10,------0,0,0.0,------10,
2257,753,0,1,0,10,------0,0,0.0,------10,
2260,754,0,1,0,10,------0,0,0.0,------10,
2263,755,0,0,0,10,------0,0,0.0,------10,
2266,756,0,0,0,10,------0,0,0.0,------10,
2269,757,0,0,0,10,------0,0,0.0,------10,
2272,758,0,0,0,10,------0,0,0.0,------10,
2275,759,0,0,0,10,------0,0,0.0,------10,
2278,760,0,0,0,10,------0,0,0.0,------10,
2281,761,0,0,0,10,------0,0,0.0,------10,
2284,762,0,0,0,10,------0,0,0.0,------10,
2287,763,0,1,0,10,------0,0,0.0,------10,
2290,764,0,0,0,10,------0,0,0.0,------10,
2293,765,0,0,0,10,------0,0,0.0,------10,
2296,766,0,0,0,10,------0,0,0.0,------10,
2299,767,0,0,0,10,------0,0,0.0,------10,
2302,768,0,0,0,10,------0,0,0.0,------10,
2305,769,0,0,0,10,------0,0,0.0,------10,
2308,770,0,0,0,10,------0,0,0.0,------10,
2311,771,0,0,0,10,------0,0,0.0,------10,
2314,772,0,0,0,10,------0,0,0.0,------10,
2317,773,0,1,0,10,------0,0,0.0,------10,
2320,774,0,1,0,10,------0,0,0.0,------10,
2323,775,0,1,0,10,------0,0,0.0,------10,
2326,776,0,0,0,10,------0,0,0.0,------10,
2329,777,0,0,0,10,------0,0,0.0,------10,
2332,778,0,0,0,10,------0,0,0.0,------10,
2335,779,0,0,0,10,------0,0,0.0,------10,
2338,780,0,1,0,10,------0,0,0.0,------10,
2341,781,0,1,0,10,------0,0,0.0,------10,
2344,782,0,0,0,10,------0,0,0.0,------10,
2347,783,0,0,0,10,------0,0,0.0,------10,
2350,784,0,0,0,10,------0,0,0.0,------10,
2353,785,0,0,0,10,------0,0,0.0,------10,
2356,786,0,0,0,10,------0,0,0.0,------10,
2359,787,0,0,0,10,------0,0,0.0,------10,
2362,788,0,0,0,10,------0,0,0.0,------10,
2365,789,0,0,0,10,------0,0,0.0,------10,
2368,790,0,1,0,10,------0,0,0.0,------10,
2371,791,0,0,0,10,------0,0,0.0,------10,
2374,792,0,0,0,10,------0,0,0.0,------10,
2377,793,0,0,0,10,------0,0,0.0,------10,
2380,794,0,0,0,10,------0,0,0.0,------10,
2383,795,0,0,0,10,------0,0,0.0,------10,
2386,796,0,0,0,10,------0,0,0.0,------10,
2389,797,0,0,0,10,------0,0,0.0,------10,
2392,798,0,0,0,10,------0,0,0.0,------10,
2395,799,0,0,0,10,------0,0,0.0,------10,
2398,800,0,1,0,10,------0,0,0.0,------10,
2401,801,0,1,0,10,------0,0,0.0,------10,
2404,802,0,1,0,10,------0,0,0.0,------10,
2407,803,0,0,0,10,------0,0,0.0,------10,
2410,804,0,0,0,10,------0,0,0.0,------10,
2413,805,0,0,0,10,------0,0,0.0,------10,
2416,806,0,0,0,10,------0,0,0.0,------10,
2419,807,0,1,0,10,------0,0,0.0,------10,
2422,808,0,1,0,10,------0,0,0.0,------10,
2425,809,0,0,0,10,------0,0,0.0,------10,
2428,810,0,0,0,10,------0,0,0.0,------10,
2431,811,0,0,0,10,------0,0,0.0,------10,
2434,812,0,0,0,10,------0,0,0.0,------10,
2437,813,0,0,0,10,------0,0,0.0,------10,
2440,814,0,0,0,10,------0,0,0.0,------10,
2443,815,0,0,0,10,------0,0,0.0,------10,
2446,816,0,0,0,10,------0,0,0.0,------10,
2449,817,0,1,0,10,------0,0,0.0,------10,
2452,818,0,0,0,10,------0,0,0.0,------10,
2455,819,0,0,0,10,------0,0,0.0,------10,
2458,820,0,0,0,10,------0,0,0.0,------10,
2461,821,0,0,0,10,------0,0,0.0,------10,
2464,822,0,0,0,10,------0,0,0.0,------10,
2467,823,0,0,0,10,------0,0,0.0,------10,
2470,824,0,0,0,10,------0,0,0.0,------10,
2473,825,0,0,0,10,------0,0,0.0,------10,
2476,826,0,0,0,10,------0,0,0.0,------10,
2479,827,0,1,0,10,------0,0,0.0,------10,
2482,828,0,1,0,10,------0,0,0.0,------10,
2485,829,0,1,0,10,------0,0,0.0,------10,
2488,830,0,0,0,10,------0,0,0.0,------10,
2491,831,0,0,0,10,------0,0,0.0,------10,
2494,832,0,0,0,10,------0,0,0.0,------10,
2497,833,0,0,0,10,------0,0,0.0,------10,
2500,834,0,1,0,10,------0,0,0.0,------10,
2503,835,0,1,0,10,------0,0,0.0,------10,
2506,836,0,0,0,10,------0,0,0.0,------10,
2509,837,0,0,0,10,------0,0,0.0,------10,
