L0A19-->Columns Header:, LevelCount, AutomataStep, AggregateState, Goal, StateDifference, DiversityCounter, LiveCellsCount, LiveCellsArea, LiveCellsDensity, StateId
1,1,0,1,0,1,------5,9,0.56,------1,
4,2,0,1,4,2,------9,25,0.36,------2,
7,3,0,1,12,3,------21,49,0.43,------3,
10,4,0,1,8,4,------29,81,0.36,------4,
13,5,0,1,12,5,------41,121,0.34,------5,
16,6,1,1,12,6,------53,169,0.31,------6,
19,7,1,1,36,7,------89,225,0.4,------7,
22,8,1,1,28,8,------117,289,0.4,------8,
25,9,1,0,32,9,------85,169,0.5,------9,
28,10,1,0,24,10,------61,121,0.5,------10,
31,11,1,1,4,11,------65,169,0.38,------11,
34,12,1,1,12,12,------77,225,0.34,------12,
37,13,1,1,12,13,------89,289,0.31,------13,
40,14,1,1,36,14,------125,361,0.35,------14,
43,15,1,1,28,15,------153,441,0.35,------15,
46,16,1,1,32,16,------185,441,0.42,------16,
49,17,1,1,20,17,------205,441,0.46,------17,
52,18,1,1,40,18,------245,441,0.56,------18,
55,19,1,1,40,19,------285,441,0.65,------19,
58,20,1,1,24,20,------309,441,0.7,------20,
61,21,1,1,24,21,------333,441,0.76,------21,
64,22,1,1,16,22,------349,441,0.79,------22,
67,23,1,1,16,23,------365,441,0.83,------23,
70,24,1,1,16,24,------381,441,0.86,------24,
73,25,1,1,16,25,------397,441,0.9,------25,
76,26,1,1,0,25,------397,441,0.9,------25,
79,27,1,0,48,26,------349,441,0.79,------26,
82,28,1,0,36,27,------313,441,0.71,------27,
85,29,1,1,56,28,------369,441,0.84,------28,
88,30,1,1,16,29,------385,441,0.87,------29,
91,31,1,1,0,29,------385,441,0.87,------29,
94,32,1,1,0,29,------385,441,0.87,------29,
97,33,1,1,0,29,------385,441,0.87,------29,
100,34,1,1,0,29,------385,441,0.87,------29,
103,35,1,1,0,29,------385,441,0.87,------29,
106,36,1,0,40,30,------345,441,0.78,------30,
109,37,1,0,24,31,------321,361,0.89,------31,
112,38,1,1,52,32,------373,441,0.85,------32,
115,39,1,1,8,33,------381,441,0.86,------33,
118,40,1,1,8,34,------389,441,0.88,------34,
121,41,1,1,16,35,------405,441,0.92,------35,
124,42,1,1,16,36,------421,441,0.95,------36,
127,43,1,1,0,36,------421,441,0.95,------36,
130,44,1,1,0,36,------421,441,0.95,------36,
133,45,1,1,0,36,------421,441,0.95,------36,
136,46,1,1,0,36,------421,441,0.95,------36,
139,47,1,1,0,36,------421,441,0.95,------36,
142,48,1,1,0,36,------421,441,0.95,------36,
145,49,1,1,0,36,------421,441,0.95,------36,
148,50,1,1,0,36,------421,441,0.95,------36,
151,51,1,1,0,36,------421,441,0.95,------36,
154,52,1,1,0,36,------421,441,0.95,------36,
157,53,1,1,0,36,------421,441,0.95,------36,
160,54,1,0,8,37,------413,441,0.94,------37,
163,55,1,0,12,38,------401,441,0.91,------38,
166,56,1,1,0,38,------401,441,0.91,------38,
169,57,1,1,0,38,------401,441,0.91,------38,
172,58,1,1,0,38,------401,441,0.91,------38,
175,59,1,1,0,38,------401,441,0.91,------38,
178,60,1,1,0,38,------401,441,0.91,------38,
181,61,1,1,0,38,------401,441,0.91,------38,
184,62,1,1,0,38,------401,441,0.91,------38,
187,63,1,0,16,39,------385,441,0.87,------39,
190,64,1,0,20,40,------365,441,0.83,------40,
193,65,1,1,0,40,------365,441,0.83,------40,
196,66,1,1,0,40,------365,441,0.83,------40,
199,67,1,1,0,40,------365,441,0.83,------40,
202,68,1,1,0,40,------365,441,0.83,------40,
205,69,1,1,0,40,------365,441,0.83,------40,
208,70,1,1,0,40,------365,441,0.83,------40,
211,71,1,1,0,40,------365,441,0.83,------40,
214,72,1,1,0,40,------365,441,0.83,------40,
217,73,1,1,0,40,------365,441,0.83,------40,
220,74,1,1,0,40,------365,441,0.83,------40,
223,75,1,1,0,40,------365,441,0.83,------40,
226,76,1,1,0,40,------365,441,0.83,------40,
229,77,1,1,0,40,------365,441,0.83,------40,
232,78,1,1,0,40,------365,441,0.83,------40,
235,79,1,1,0,40,------365,441,0.83,------40,
238,80,1,1,0,40,------365,441,0.83,------40,
241,81,1,0,24,41,------341,441,0.77,------41,
244,82,1,0,28,42,------313,441,0.71,------42,
247,83,1,1,0,42,------313,441,0.71,------42,
250,84,1,1,0,42,------313,441,0.71,------42,
253,85,1,1,0,42,------313,441,0.71,------42,
256,86,1,1,0,42,------313,441,0.71,------42,
259,87,1,1,0,42,------313,441,0.71,------42,
262,88,1,1,0,42,------313,441,0.71,------42,
265,89,1,1,0,42,------313,441,0.71,------42,
268,90,1,0,32,43,------281,441,0.64,------43,
271,91,1,0,36,44,------245,441,0.56,------44,
274,92,1,1,0,44,------245,441,0.56,------44,
277,93,1,1,0,44,------245,441,0.56,------44,
280,94,1,1,0,44,------245,441,0.56,------44,
283,95,1,1,0,44,------245,441,0.56,------44,
286,96,1,1,0,44,------245,441,0.56,------44,
289,97,1,1,0,44,------245,441,0.56,------44,
292,98,1,1,0,44,------245,441,0.56,------44,
295,99,1,1,0,44,------245,441,0.56,------44,
298,100,1,1,0,44,------245,441,0.56,------44,
301,101,1,1,0,44,------245,441,0.56,------44,
304,102,1,1,0,44,------245,441,0.56,------44,
307,103,1,1,0,44,------245,441,0.56,------44,
310,104,1,1,0,44,------245,441,0.56,------44,
313,105,1,1,0,44,------245,441,0.56,------44,
316,106,1,1,0,44,------245,441,0.56,------44,
319,107,1,1,0,44,------245,441,0.56,------44,
322,108,1,0,40,45,------205,441,0.46,------45,
325,109,1,0,40,46,------165,361,0.46,------46,
328,110,1,1,4,47,------169,441,0.38,------47,
331,111,1,1,8,48,------177,441,0.4,------48,
334,112,1,1,8,49,------185,441,0.42,------49,
337,113,1,1,16,50,------201,441,0.46,------50,
340,114,1,1,16,51,------217,441,0.49,------51,
343,115,1,1,16,52,------233,441,0.53,------52,
346,116,1,1,16,53,------249,441,0.56,------53,
349,117,1,0,72,54,------177,441,0.4,------54,
352,118,1,0,32,55,------145,441,0.33,------55,
355,119,1,1,48,56,------193,441,0.44,------56,
358,120,1,1,52,57,------245,441,0.56,------57,
361,121,1,1,44,58,------289,441,0.66,------58,
364,122,1,1,32,59,------321,441,0.73,------59,
367,123,1,1,40,60,------361,441,0.82,------60,
370,124,1,1,40,61,------401,441,0.91,------61,
373,125,1,1,20,62,------421,441,0.95,------62,
376,126,1,1,12,63,------433,441,0.98,------63,
379,127,1,1,4,64,------437,441,0.99,------64,
382,128,1,1,0,64,------437,441,0.99,------64,
385,129,1,1,0,64,------437,441,0.99,------64,
388,130,1,1,0,64,------437,441,0.99,------64,
391,131,1,1,0,64,------437,441,0.99,------64,
394,132,1,1,0,64,------437,441,0.99,------64,
397,133,1,1,0,64,------437,441,0.99,------64,
400,134,1,1,0,64,------437,441,0.99,------64,
403,135,1,0,8,65,------429,441,0.97,------65,
406,136,1,0,12,66,------417,441,0.95,------66,
409,137,1,1,0,66,------417,441,0.95,------66,
412,138,1,1,0,66,------417,441,0.95,------66,
415,139,1,1,0,66,------417,441,0.95,------66,
418,140,1,1,0,66,------417,441,0.95,------66,
421,141,1,1,0,66,------417,441,0.95,------66,
424,142,1,1,0,66,------417,441,0.95,------66,
427,143,1,1,0,66,------417,441,0.95,------66,
430,144,1,0,16,67,------401,441,0.91,------67,
433,145,1,0,20,68,------381,441,0.86,------68,
436,146,1,1,0,68,------381,441,0.86,------68,
439,147,1,1,0,68,------381,441,0.86,------68,
442,148,1,1,0,68,------381,441,0.86,------68,
445,149,1,1,0,68,------381,441,0.86,------68,
448,150,1,1,0,68,------381,441,0.86,------68,
451,151,1,1,0,68,------381,441,0.86,------68,
454,152,1,1,0,68,------381,441,0.86,------68,
457,153,1,1,0,68,------381,441,0.86,------68,
460,154,1,1,0,68,------381,441,0.86,------68,
463,155,1,1,0,68,------381,441,0.86,------68,
466,156,1,1,0,68,------381,441,0.86,------68,
469,157,1,1,0,68,------381,441,0.86,------68,
472,158,1,1,0,68,------381,441,0.86,------68,
475,159,1,1,0,68,------381,441,0.86,------68,
478,160,1,1,0,68,------381,441,0.86,------68,
481,161,1,1,0,68,------381,441,0.86,------68,
484,162,1,0,24,69,------357,441,0.81,------69,
487,163,1,0,28,70,------329,441,0.75,------70,
490,164,1,1,0,70,------329,441,0.75,------70,
493,165,1,1,0,70,------329,441,0.75,------70,
496,166,1,1,0,70,------329,441,0.75,------70,
499,167,1,1,0,70,------329,441,0.75,------70,
502,168,1,1,0,70,------329,441,0.75,------70,
505,169,1,1,0,70,------329,441,0.75,------70,
508,170,1,1,0,70,------329,441,0.75,------70,
511,171,1,0,32,71,------297,441,0.67,------71,
514,172,1,0,36,72,------261,441,0.59,------72,
517,173,1,1,0,72,------261,441,0.59,------72,
520,174,1,1,0,72,------261,441,0.59,------72,
523,175,1,1,0,72,------261,441,0.59,------72,
526,176,1,1,0,72,------261,441,0.59,------72,
529,177,1,1,0,72,------261,441,0.59,------72,
532,178,1,1,0,72,------261,441,0.59,------72,
535,179,1,1,0,72,------261,441,0.59,------72,
538,180,1,1,0,72,------261,441,0.59,------72,
541,181,1,1,0,72,------261,441,0.59,------72,
544,182,1,1,0,72,------261,441,0.59,------72,
547,183,1,1,0,72,------261,441,0.59,------72,
550,184,1,1,0,72,------261,441,0.59,------72,
553,185,1,1,0,72,------261,441,0.59,------72,
556,186,1,1,0,72,------261,441,0.59,------72,
559,187,1,1,0,72,------261,441,0.59,------72,
562,188,1,1,0,72,------261,441,0.59,------72,
565,189,1,0,40,73,------221,441,0.5,------73,
568,190,1,0,40,74,------181,361,0.5,------74,
571,191,1,1,4,75,------185,441,0.42,------75,
574,192,1,1,8,76,------193,441,0.44,------76,
577,193,1,1,8,77,------201,441,0.46,------77,
580,194,1,1,16,78,------217,441,0.49,------78,
583,195,1,1,16,79,------233,441,0.53,------79,
586,196,1,1,16,80,------249,441,0.56,------80,
589,197,1,1,16,81,------265,441,0.6,------81,
592,198,1,0,72,82,------193,441,0.44,------82,
595,199,1,0,36,83,------157,441,0.36,------83,
598,200,1,1,32,84,------189,441,0.43,------84,
601,201,1,1,32,85,------221,441,0.5,------85,
604,202,1,1,40,86,------261,441,0.59,------86,
607,203,1,1,40,87,------301,441,0.68,------87,
610,204,1,1,40,88,------341,441,0.77,------88,
613,205,1,1,28,89,------369,441,0.84,------89,
616,206,1,1,20,90,------389,441,0.88,------90,
619,207,1,1,12,91,------401,441,0.91,------91,
622,208,1,1,4,92,------405,441,0.92,------92,
625,209,1,1,0,92,------405,441,0.92,------92,
628,210,1,1,0,92,------405,441,0.92,------92,
631,211,1,1,0,92,------405,441,0.92,------92,
634,212,1,1,0,92,------405,441,0.92,------92,
637,213,1,1,0,92,------405,441,0.92,------92,
640,214,1,1,0,92,------405,441,0.92,------92,
643,215,1,1,0,92,------405,441,0.92,------92,
646,216,1,0,32,93,------373,441,0.85,------93,
649,217,1,0,20,94,------353,441,0.8,------94,
652,218,1,1,32,95,------385,441,0.87,------95,
655,219,1,1,16,96,------401,441,0.91,------96,
658,220,1,1,0,96,------401,441,0.91,------96,
661,221,1,1,0,96,------401,441,0.91,------96,
664,222,1,1,0,96,------401,441,0.91,------96,
667,223,1,1,0,96,------401,441,0.91,------96,
670,224,1,1,0,96,------401,441,0.91,------96,
673,225,1,0,16,97,------385,441,0.87,------97,
676,226,1,0,20,98,------365,441,0.83,------98,
679,227,1,1,0,98,------365,441,0.83,------98,
682,228,1,1,0,98,------365,441,0.83,------98,
685,229,1,1,0,98,------365,441,0.83,------98,
688,230,1,1,0,98,------365,441,0.83,------98,
691,231,1,1,0,98,------365,441,0.83,------98,
694,232,1,1,0,98,------365,441,0.83,------98,
697,233,1,1,0,98,------365,441,0.83,------98,
700,234,1,1,0,98,------365,441,0.83,------98,
703,235,1,1,0,98,------365,441,0.83,------98,
706,236,1,1,0,98,------365,441,0.83,------98,
709,237,1,1,0,98,------365,441,0.83,------98,
712,238,1,1,0,98,------365,441,0.83,------98,
715,239,1,1,0,98,------365,441,0.83,------98,
718,240,1,1,0,98,------365,441,0.83,------98,
721,241,1,1,0,98,------365,441,0.83,------98,
724,242,1,1,0,98,------365,441,0.83,------98,
727,243,1,0,24,99,------341,441,0.77,------99,
730,244,1,0,28,100,------313,441,0.71,------100,
733,245,1,1,0,100,------313,441,0.71,------100,
736,246,1,1,0,100,------313,441,0.71,------100,
739,247,1,1,0,100,------313,441,0.71,------100,
742,248,1,1,0,100,------313,441,0.71,------100,
745,249,1,1,0,100,------313,441,0.71,------100,
748,250,1,1,0,100,------313,441,0.71,------100,
751,251,1,1,0,100,------313,441,0.71,------100,
754,252,1,0,32,101,------281,441,0.64,------101,
757,253,1,0,36,102,------245,441,0.56,------102,
760,254,1,1,0,102,------245,441,0.56,------102,
763,255,1,1,0,102,------245,441,0.56,------102,
766,256,1,1,0,102,------245,441,0.56,------102,
769,257,1,1,0,102,------245,441,0.56,------102,
772,258,1,1,0,102,------245,441,0.56,------102,
775,259,1,1,0,102,------245,441,0.56,------102,
778,260,1,1,0,102,------245,441,0.56,------102,
781,261,1,1,0,102,------245,441,0.56,------102,
784,262,1,1,0,102,------245,441,0.56,------102,
787,263,1,1,0,102,------245,441,0.56,------102,
790,264,1,1,0,102,------245,441,0.56,------102,
793,265,1,1,0,102,------245,441,0.56,------102,
796,266,1,1,0,102,------245,441,0.56,------102,
799,267,1,1,0,102,------245,441,0.56,------102,
802,268,1,1,0,102,------245,441,0.56,------102,
805,269,1,1,0,102,------245,441,0.56,------102,
808,270,1,0,40,103,------205,441,0.46,------103,
811,271,1,0,36,104,------169,361,0.47,------104,
814,272,1,1,20,105,------189,441,0.43,------105,
817,273,1,1,28,106,------217,441,0.49,------106,
820,274,1,1,20,107,------237,441,0.54,------107,
823,275,1,1,40,108,------277,441,0.63,------108,
826,276,1,1,40,109,------317,441,0.72,------109,
829,277,1,1,24,110,------341,441,0.77,------110,
832,278,1,1,24,111,------365,441,0.83,------111,
835,279,1,0,40,112,------325,441,0.74,------112,
838,280,1,0,28,113,------297,441,0.67,------113,
841,281,1,1,16,114,------313,441,0.71,------114,
844,282,1,1,24,115,------337,441,0.76,------115,
847,283,1,1,16,116,------353,441,0.8,------116,
850,284,1,1,32,117,------385,441,0.87,------117,
853,285,1,1,16,118,------401,441,0.91,------118,
856,286,1,1,0,118,------401,441,0.91,------118,
859,287,1,1,0,118,------401,441,0.91,------118,
862,288,1,1,0,118,------401,441,0.91,------118,
865,289,1,1,0,118,------401,441,0.91,------118,
868,290,1,1,0,118,------401,441,0.91,------118,
871,291,1,1,0,118,------401,441,0.91,------118,
874,292,1,1,0,118,------401,441,0.91,------118,
877,293,1,1,0,118,------401,441,0.91,------118,
880,294,1,1,0,118,------401,441,0.91,------118,
883,295,1,1,0,118,------401,441,0.91,------118,
886,296,1,1,0,118,------401,441,0.91,------118,
889,297,1,0,40,119,------361,441,0.82,------119,
892,298,1,0,24,120,------337,361,0.93,------120,
895,299,1,1,52,121,------389,441,0.88,------121,
898,300,1,1,8,122,------397,441,0.9,------122,
901,301,1,1,8,123,------405,441,0.92,------123,
904,302,1,1,16,124,------421,441,0.95,------124,
907,303,1,1,16,124,------437,441,0.99,------64,
910,304,1,1,0,124,------437,441,0.99,------64,
913,305,1,1,0,124,------437,441,0.99,------64,
916,306,1,0,8,124,------429,441,0.97,------65,
919,307,1,0,12,124,------417,441,0.95,------66,
922,308,1,1,0,124,------417,441,0.95,------66,
925,309,1,1,0,124,------417,441,0.95,------66,
928,310,1,1,0,124,------417,441,0.95,------66,
931,311,1,1,0,124,------417,441,0.95,------66,
934,312,1,1,0,124,------417,441,0.95,------66,
937,313,1,1,0,124,------417,441,0.95,------66,
940,314,1,1,0,124,------417,441,0.95,------66,
943,315,1,1,0,124,------417,441,0.95,------66,
946,316,1,1,0,124,------417,441,0.95,------66,
949,317,1,1,0,124,------417,441,0.95,------66,
952,318,1,1,0,124,------417,441,0.95,------66,
955,319,1,1,0,124,------417,441,0.95,------66,
958,320,1,1,0,124,------417,441,0.95,------66,
961,321,1,1,0,124,------417,441,0.95,------66,
964,322,1,1,0,124,------417,441,0.95,------66,
967,323,1,1,0,124,------417,441,0.95,------66,
970,324,1,0,16,124,------401,441,0.91,------67,
973,325,1,0,20,124,------381,441,0.86,------68,
976,326,1,1,0,124,------381,441,0.86,------68,
979,327,1,1,0,124,------381,441,0.86,------68,
982,328,1,1,0,124,------381,441,0.86,------68,
985,329,1,1,0,124,------381,441,0.86,------68,
988,330,1,1,0,124,------381,441,0.86,------68,
991,331,1,1,0,124,------381,441,0.86,------68,
994,332,1,1,0,124,------381,441,0.86,------68,
997,333,1,0,24,124,------357,441,0.81,------69,
1000,334,1,0,28,124,------329,441,0.75,------70,
1003,335,1,1,0,124,------329,441,0.75,------70,
1006,336,1,1,0,124,------329,441,0.75,------70,
1009,337,1,1,0,124,------329,441,0.75,------70,
1012,338,1,1,0,124,------329,441,0.75,------70,
1015,339,1,1,0,124,------329,441,0.75,------70,
1018,340,1,1,0,124,------329,441,0.75,------70,
1021,341,1,1,0,124,------329,441,0.75,------70,
1024,342,1,1,0,124,------329,441,0.75,------70,
1027,343,1,1,0,124,------329,441,0.75,------70,
1030,344,1,1,0,124,------329,441,0.75,------70,
1033,345,1,1,0,124,------329,441,0.75,------70,
1036,346,1,1,0,124,------329,441,0.75,------70,
1039,347,1,1,0,124,------329,441,0.75,------70,
1042,348,1,1,0,124,------329,441,0.75,------70,
1045,349,1,1,0,124,------329,441,0.75,------70,
1048,350,1,1,0,124,------329,441,0.75,------70,
1051,351,1,0,32,124,------297,441,0.67,------71,
1054,352,1,0,36,124,------261,441,0.59,------72,
1057,353,1,1,0,124,------261,441,0.59,------72,
1060,354,1,1,0,124,------261,441,0.59,------72,
1063,355,1,1,0,124,------261,441,0.59,------72,
1066,356,1,1,0,124,------261,441,0.59,------72,
1069,357,1,1,0,124,------261,441,0.59,------72,
1072,358,1,1,0,124,------261,441,0.59,------72,
1075,359,1,1,0,124,------261,441,0.59,------72,
1078,360,1,0,40,124,------221,441,0.5,------73,
1081,361,1,0,40,124,------181,361,0.5,------74,
1084,362,1,1,4,124,------185,441,0.42,------75,
1087,363,1,1,8,124,------193,441,0.44,------76,
1090,364,1,1,8,124,------201,441,0.46,------77,
1093,365,1,1,16,124,------217,441,0.49,------78,
1096,366,1,1,16,124,------233,441,0.53,------79,
1099,367,1,1,16,124,------249,441,0.56,------80,
1102,368,1,1,16,124,------265,441,0.6,------81,
1105,369,1,1,40,125,------305,441,0.69,------125,
1108,370,1,1,40,126,------345,441,0.78,------126,
1111,371,1,1,16,127,------361,441,0.82,------127,
1114,372,1,1,4,128,------365,441,0.83,------128,
1117,373,1,1,0,128,------365,441,0.83,------128,
1120,374,1,1,0,128,------365,441,0.83,------128,
1123,375,1,1,0,128,------365,441,0.83,------128,
1126,376,1,1,0,128,------365,441,0.83,------128,
1129,377,1,1,0,128,------365,441,0.83,------128,
1132,378,1,0,56,129,------309,441,0.7,------129,
1135,379,1,0,40,130,------269,441,0.61,------130,
1138,380,1,1,32,131,------301,441,0.68,------131,
1141,381,1,1,36,132,------337,441,0.76,------132,
1144,382,1,1,36,133,------373,441,0.85,------133,
1147,383,1,1,44,134,------417,441,0.95,------134,
1150,384,1,1,20,134,------437,441,0.99,------64,
1153,385,1,1,0,134,------437,441,0.99,------64,
1156,386,1,1,0,134,------437,441,0.99,------64,
1159,387,1,0,8,134,------429,441,0.97,------65,
1162,388,1,0,12,134,------417,441,0.95,------66,
1165,389,1,1,0,134,------417,441,0.95,------66,
1168,390,1,1,0,134,------417,441,0.95,------66,
1171,391,1,1,0,134,------417,441,0.95,------66,
1174,392,1,1,0,134,------417,441,0.95,------66,
1177,393,1,1,0,134,------417,441,0.95,------66,
1180,394,1,1,0,134,------417,441,0.95,------66,
1183,395,1,1,0,134,------417,441,0.95,------66,
1186,396,1,1,0,134,------417,441,0.95,------66,
1189,397,1,1,0,134,------417,441,0.95,------66,
1192,398,1,1,0,134,------417,441,0.95,------66,
1195,399,1,1,0,134,------417,441,0.95,------66,
1198,400,1,1,0,134,------417,441,0.95,------66,
1201,401,1,1,0,134,------417,441,0.95,------66,
1204,402,1,1,0,134,------417,441,0.95,------66,
1207,403,1,1,0,134,------417,441,0.95,------66,
1210,404,1,1,0,134,------417,441,0.95,------66,
1213,405,1,0,16,134,------401,441,0.91,------67,
1216,406,1,0,20,134,------381,441,0.86,------68,
1219,407,1,1,0,134,------381,441,0.86,------68,
1222,408,1,1,0,134,------381,441,0.86,------68,
1225,409,1,1,0,134,------381,441,0.86,------68,
1228,410,1,1,0,134,------381,441,0.86,------68,
1231,411,1,1,0,134,------381,441,0.86,------68,
1234,412,1,1,0,134,------381,441,0.86,------68,
1237,413,1,1,0,134,------381,441,0.86,------68,
1240,414,1,0,24,134,------357,441,0.81,------69,
1243,415,1,0,28,134,------329,441,0.75,------70,
1246,416,1,1,0,134,------329,441,0.75,------70,
1249,417,1,1,0,134,------329,441,0.75,------70,
1252,418,1,1,0,134,------329,441,0.75,------70,
1255,419,1,1,0,134,------329,441,0.75,------70,
1258,420,1,1,0,134,------329,441,0.75,------70,
1261,421,1,1,0,134,------329,441,0.75,------70,
1264,422,1,1,0,134,------329,441,0.75,------70,
1267,423,1,1,0,134,------329,441,0.75,------70,
1270,424,1,1,0,134,------329,441,0.75,------70,
1273,425,1,1,0,134,------329,441,0.75,------70,
1276,426,1,1,0,134,------329,441,0.75,------70,
1279,427,1,1,0,134,------329,441,0.75,------70,
1282,428,1,1,0,134,------329,441,0.75,------70,
1285,429,1,1,0,134,------329,441,0.75,------70,
1288,430,1,1,0,134,------329,441,0.75,------70,
1291,431,1,1,0,134,------329,441,0.75,------70,
1294,432,1,0,32,134,------297,441,0.67,------71,
1297,433,1,0,36,134,------261,441,0.59,------72,
1300,434,1,1,0,134,------261,441,0.59,------72,
1303,435,1,1,0,134,------261,441,0.59,------72,
1306,436,1,1,0,134,------261,441,0.59,------72,
1309,437,1,1,0,134,------261,441,0.59,------72,
1312,438,1,1,0,134,------261,441,0.59,------72,
1315,439,1,1,0,134,------261,441,0.59,------72,
1318,440,1,1,0,134,------261,441,0.59,------72,
1321,441,1,0,40,134,------221,441,0.5,------73,
1324,442,1,0,40,134,------181,361,0.5,------74,
1327,443,1,1,4,134,------185,441,0.42,------75,
1330,444,1,1,8,134,------193,441,0.44,------76,
1333,445,1,1,8,134,------201,441,0.46,------77,
1336,446,1,1,16,134,------217,441,0.49,------78,
1339,447,1,1,16,134,------233,441,0.53,------79,
1342,448,1,1,16,134,------249,441,0.56,------80,
1345,449,1,1,16,134,------265,441,0.6,------81,
1348,450,1,1,40,134,------305,441,0.69,------125,
1351,451,1,1,40,134,------345,441,0.78,------126,
1354,452,1,1,16,134,------361,441,0.82,------127,
1357,453,1,1,4,134,------365,441,0.83,------128,
1360,454,1,1,0,134,------365,441,0.83,------128,
1363,455,1,1,0,134,------365,441,0.83,------128,
1366,456,1,1,0,134,------365,441,0.83,------128,
1369,457,1,1,0,134,------365,441,0.83,------128,
1372,458,1,1,0,134,------365,441,0.83,------128,
1375,459,1,0,56,134,------309,441,0.7,------129,
1378,460,1,0,40,134,------269,441,0.61,------130,
1381,461,1,1,32,134,------301,441,0.68,------131,
1384,462,1,1,36,134,------337,441,0.76,------132,
1387,463,1,1,36,134,------373,441,0.85,------133,
1390,464,1,1,44,134,------417,441,0.95,------134,
1393,465,1,1,20,134,------437,441,0.99,------64,
1396,466,1,1,0,134,------437,441,0.99,------64,
1399,467,1,1,0,134,------437,441,0.99,------64,
1402,468,1,0,8,134,------429,441,0.97,------65,
1405,469,1,0,12,134,------417,441,0.95,------66,
1408,470,1,1,0,134,------417,441,0.95,------66,
1411,471,1,1,0,134,------417,441,0.95,------66,
1414,472,1,1,0,134,------417,441,0.95,------66,
1417,473,1,1,0,134,------417,441,0.95,------66,
1420,474,1,1,0,134,------417,441,0.95,------66,
1423,475,1,1,0,134,------417,441,0.95,------66,
1426,476,1,1,0,134,------417,441,0.95,------66,
1429,477,1,1,0,134,------417,441,0.95,------66,
1432,478,1,1,0,134,------417,441,0.95,------66,
1435,479,1,1,0,134,------417,441,0.95,------66,
1438,480,1,1,0,134,------417,441,0.95,------66,
1441,481,1,1,0,134,------417,441,0.95,------66,
1444,482,1,1,0,134,------417,441,0.95,------66,
1447,483,1,1,0,134,------417,441,0.95,------66,
1450,484,1,1,0,134,------417,441,0.95,------66,
1453,485,1,1,0,134,------417,441,0.95,------66,
1456,486,1,0,16,134,------401,441,0.91,------67,
1459,487,1,0,20,134,------381,441,0.86,------68,
1462,488,1,1,0,134,------381,441,0.86,------68,
1465,489,1,1,0,134,------381,441,0.86,------68,
1468,490,1,1,0,134,------381,441,0.86,------68,
1471,491,1,1,0,134,------381,441,0.86,------68,
1474,492,1,1,0,134,------381,441,0.86,------68,
1477,493,1,1,0,134,------381,441,0.86,------68,
1480,494,1,1,0,134,------381,441,0.86,------68,
1483,495,1,0,24,134,------357,441,0.81,------69,
1486,496,1,0,28,134,------329,441,0.75,------70,
1489,497,1,1,0,134,------329,441,0.75,------70,
1492,498,1,1,0,134,------329,441,0.75,------70,
1495,499,1,1,0,134,------329,441,0.75,------70,
1498,500,1,1,0,134,------329,441,0.75,------70,
1501,501,1,1,0,134,------329,441,0.75,------70,
1504,502,1,1,0,134,------329,441,0.75,------70,
1507,503,1,1,0,134,------329,441,0.75,------70,
1510,504,1,1,0,134,------329,441,0.75,------70,
1513,505,1,1,0,134,------329,441,0.75,------70,
1516,506,1,1,0,134,------329,441,0.75,------70,
1519,507,1,1,0,134,------329,441,0.75,------70,
1522,508,1,1,0,134,------329,441,0.75,------70,
1525,509,1,1,0,134,------329,441,0.75,------70,
1528,510,1,1,0,134,------329,441,0.75,------70,
1531,511,1,1,0,134,------329,441,0.75,------70,
1534,512,1,1,0,134,------329,441,0.75,------70,
1537,513,1,0,32,134,------297,441,0.67,------71,
1540,514,1,0,36,134,------261,441,0.59,------72,
1543,515,1,1,0,134,------261,441,0.59,------72,
1546,516,1,1,0,134,------261,441,0.59,------72,
1549,517,1,1,0,134,------261,441,0.59,------72,
1552,518,1,1,0,134,------261,441,0.59,------72,
1555,519,1,1,0,134,------261,441,0.59,------72,
1558,520,1,1,0,134,------261,441,0.59,------72,
1561,521,1,1,0,134,------261,441,0.59,------72,
1564,522,1,0,40,134,------221,441,0.5,------73,
1567,523,1,0,40,134,------181,361,0.5,------74,
1570,524,1,1,4,134,------185,441,0.42,------75,
1573,525,1,1,8,134,------193,441,0.44,------76,
1576,526,1,1,8,134,------201,441,0.46,------77,
1579,527,1,1,16,134,------217,441,0.49,------78,
1582,528,1,1,16,134,------233,441,0.53,------79,
1585,529,1,1,16,134,------249,441,0.56,------80,
1588,530,1,1,16,134,------265,441,0.6,------81,
1591,531,1,1,40,134,------305,441,0.69,------125,
1594,532,1,1,40,134,------345,441,0.78,------126,
1597,533,1,1,16,134,------361,441,0.82,------127,
1600,534,1,1,4,134,------365,441,0.83,------128,
1603,535,1,1,0,134,------365,441,0.83,------128,
1606,536,1,1,0,134,------365,441,0.83,------128,
1609,537,1,1,0,134,------365,441,0.83,------128,
1612,538,1,1,0,134,------365,441,0.83,------128,
1615,539,1,1,0,134,------365,441,0.83,------128,
1618,540,1,0,56,134,------309,441,0.7,------129,
1621,541,1,0,40,134,------269,441,0.61,------130,
1624,542,1,1,32,134,------301,441,0.68,------131,
1627,543,1,1,36,134,------337,441,0.76,------132,
1630,544,1,1,36,134,------373,441,0.85,------133,
1633,545,1,1,44,134,------417,441,0.95,------134,
1636,546,1,1,20,134,------437,441,0.99,------64,
1639,547,1,1,0,134,------437,441,0.99,------64,
1642,548,1,1,0,134,------437,441,0.99,------64,
1645,549,1,0,8,134,------429,441,0.97,------65,
1648,550,1,0,12,134,------417,441,0.95,------66,
1651,551,1,1,0,134,------417,441,0.95,------66,
1654,552,1,1,0,134,------417,441,0.95,------66,
1657,553,1,1,0,134,------417,441,0.95,------66,
1660,554,1,1,0,134,------417,441,0.95,------66,
1663,555,1,1,0,134,------417,441,0.95,------66,
1666,556,1,1,0,134,------417,441,0.95,------66,
1669,557,1,1,0,134,------417,441,0.95,------66,
1672,558,1,1,0,134,------417,441,0.95,------66,
1675,559,1,1,0,134,------417,441,0.95,------66,
1678,560,1,1,0,134,------417,441,0.95,------66,
1681,561,1,1,0,134,------417,441,0.95,------66,
1684,562,1,1,0,134,------417,441,0.95,------66,
1687,563,1,1,0,134,------417,441,0.95,------66,
1690,564,1,1,0,134,------417,441,0.95,------66,
1693,565,1,1,0,134,------417,441,0.95,------66,
1696,566,1,1,0,134,------417,441,0.95,------66,
1699,567,1,0,16,134,------401,441,0.91,------67,
1702,568,1,0,20,134,------381,441,0.86,------68,
1705,569,1,1,0,134,------381,441,0.86,------68,
1708,570,1,1,0,134,------381,441,0.86,------68,
1711,571,1,1,0,134,------381,441,0.86,------68,
1714,572,1,1,0,134,------381,441,0.86,------68,
1717,573,1,1,0,134,------381,441,0.86,------68,
1720,574,1,1,0,134,------381,441,0.86,------68,
1723,575,1,1,0,134,------381,441,0.86,------68,
1726,576,1,0,24,134,------357,441,0.81,------69,
1729,577,1,0,28,134,------329,441,0.75,------70,
1732,578,1,1,0,134,------329,441,0.75,------70,
1735,579,1,1,0,134,------329,441,0.75,------70,
1738,580,1,1,0,134,------329,441,0.75,------70,
1741,581,1,1,0,134,------329,441,0.75,------70,
1744,582,1,1,0,134,------329,441,0.75,------70,
1747,583,1,1,0,134,------329,441,0.75,------70,
1750,584,1,1,0,134,------329,441,0.75,------70,
1753,585,1,1,0,134,------329,441,0.75,------70,
1756,586,1,1,0,134,------329,441,0.75,------70,
1759,587,1,1,0,134,------329,441,0.75,------70,
1762,588,1,1,0,134,------329,441,0.75,------70,
1765,589,1,1,0,134,------329,441,0.75,------70,
1768,590,1,1,0,134,------329,441,0.75,------70,
1771,591,1,1,0,134,------329,441,0.75,------70,
1774,592,1,1,0,134,------329,441,0.75,------70,
1777,593,1,1,0,134,------329,441,0.75,------70,
1780,594,1,0,32,134,------297,441,0.67,------71,
1783,595,1,0,36,134,------261,441,0.59,------72,
1786,596,1,1,0,134,------261,441,0.59,------72,
1789,597,1,1,0,134,------261,441,0.59,------72,
1792,598,1,1,0,134,------261,441,0.59,------72,
1795,599,1,1,0,134,------261,441,0.59,------72,
1798,600,1,1,0,134,------261,441,0.59,------72,
1801,601,1,1,0,134,------261,441,0.59,------72,
1804,602,1,1,0,134,------261,441,0.59,------72,
1807,603,1,0,40,134,------221,441,0.5,------73,
1810,604,1,0,40,134,------181,361,0.5,------74,
1813,605,1,1,4,134,------185,441,0.42,------75,
1816,606,1,1,8,134,------193,441,0.44,------76,
1819,607,1,1,8,134,------201,441,0.46,------77,
1822,608,1,1,16,134,------217,441,0.49,------78,
1825,609,1,1,16,134,------233,441,0.53,------79,
1828,610,1,1,16,134,------249,441,0.56,------80,
1831,611,1,1,16,134,------265,441,0.6,------81,
1834,612,1,1,40,134,------305,441,0.69,------125,
1837,613,1,1,40,134,------345,441,0.78,------126,
1840,614,1,1,16,134,------361,441,0.82,------127,
1843,615,1,1,4,134,------365,441,0.83,------128,
1846,616,1,1,0,134,------365,441,0.83,------128,
1849,617,1,1,0,134,------365,441,0.83,------128,
1852,618,1,1,0,134,------365,441,0.83,------128,
1855,619,1,1,0,134,------365,441,0.83,------128,
1858,620,1,1,0,134,------365,441,0.83,------128,
1861,621,1,0,56,134,------309,441,0.7,------129,
1864,622,1,0,40,134,------269,441,0.61,------130,
1867,623,1,1,32,134,------301,441,0.68,------131,
1870,624,1,1,36,134,------337,441,0.76,------132,
1873,625,1,1,36,134,------373,441,0.85,------133,
1876,626,1,1,44,134,------417,441,0.95,------134,
1879,627,1,1,20,134,------437,441,0.99,------64,
1882,628,1,1,0,134,------437,441,0.99,------64,
1885,629,1,1,0,134,------437,441,0.99,------64,
1888,630,1,0,8,134,------429,441,0.97,------65,
1891,631,1,0,12,134,------417,441,0.95,------66,
1894,632,1,1,0,134,------417,441,0.95,------66,
1897,633,1,1,0,134,------417,441,0.95,------66,
1900,634,1,1,0,134,------417,441,0.95,------66,
1903,635,1,1,0,134,------417,441,0.95,------66,
1906,636,1,1,0,134,------417,441,0.95,------66,
1909,637,1,1,0,134,------417,441,0.95,------66,
1912,638,1,1,0,134,------417,441,0.95,------66,
1915,639,1,1,0,134,------417,441,0.95,------66,
1918,640,1,1,0,134,------417,441,0.95,------66,
1921,641,1,1,0,134,------417,441,0.95,------66,
1924,642,1,1,0,134,------417,441,0.95,------66,
1927,643,1,1,0,134,------417,441,0.95,------66,
1930,644,1,1,0,134,------417,441,0.95,------66,
1933,645,1,1,0,134,------417,441,0.95,------66,
1936,646,1,1,0,134,------417,441,0.95,------66,
1939,647,1,1,0,134,------417,441,0.95,------66,
1942,648,1,0,16,134,------401,441,0.91,------67,
1945,649,1,0,20,134,------381,441,0.86,------68,
1948,650,1,1,0,134,------381,441,0.86,------68,
1951,651,1,1,0,134,------381,441,0.86,------68,
1954,652,1,1,0,134,------381,441,0.86,------68,
1957,653,1,1,0,134,------381,441,0.86,------68,
1960,654,1,1,0,134,------381,441,0.86,------68,
1963,655,1,1,0,134,------381,441,0.86,------68,
1966,656,1,1,0,134,------381,441,0.86,------68,
1969,657,1,0,24,134,------357,441,0.81,------69,
1972,658,1,0,28,134,------329,441,0.75,------70,
1975,659,1,1,0,134,------329,441,0.75,------70,
1978,660,1,1,0,134,------329,441,0.75,------70,
1981,661,1,1,0,134,------329,441,0.75,------70,
1984,662,1,1,0,134,------329,441,0.75,------70,
1987,663,1,1,0,134,------329,441,0.75,------70,
1990,664,1,1,0,134,------329,441,0.75,------70,
1993,665,1,1,0,134,------329,441,0.75,------70,
1996,666,1,1,0,134,------329,441,0.75,------70,
1999,667,1,1,0,134,------329,441,0.75,------70,
2002,668,1,1,0,134,------329,441,0.75,------70,
2005,669,1,1,0,134,------329,441,0.75,------70,
2008,670,1,1,0,134,------329,441,0.75,------70,
2011,671,1,1,0,134,------329,441,0.75,------70,
2014,672,1,1,0,134,------329,441,0.75,------70,
2017,673,1,1,0,134,------329,441,0.75,------70,
2020,674,1,1,0,134,------329,441,0.75,------70,
2023,675,1,0,32,134,------297,441,0.67,------71,
2026,676,1,0,36,134,------261,441,0.59,------72,
2029,677,1,1,0,134,------261,441,0.59,------72,
2032,678,1,1,0,134,------261,441,0.59,------72,
2035,679,1,1,0,134,------261,441,0.59,------72,
2038,680,1,1,0,134,------261,441,0.59,------72,
2041,681,1,1,0,134,------261,441,0.59,------72,
2044,682,1,1,0,134,------261,441,0.59,------72,
2047,683,1,1,0,134,------261,441,0.59,------72,
2050,684,1,0,40,134,------221,441,0.5,------73,
2053,685,1,0,40,134,------181,361,0.5,------74,
2056,686,1,1,4,134,------185,441,0.42,------75,
2059,687,1,1,8,134,------193,441,0.44,------76,
2062,688,1,1,8,134,------201,441,0.46,------77,
2065,689,1,1,16,134,------217,441,0.49,------78,
2068,690,1,1,16,134,------233,441,0.53,------79,
2071,691,1,1,16,134,------249,441,0.56,------80,
2074,692,1,1,16,134,------265,441,0.6,------81,
2077,693,1,1,40,134,------305,441,0.69,------125,
2080,694,1,1,40,134,------345,441,0.78,------126,
2083,695,1,1,16,134,------361,441,0.82,------127,
2086,696,1,1,4,134,------365,441,0.83,------128,
2089,697,1,1,0,134,------365,441,0.83,------128,
2092,698,1,1,0,134,------365,441,0.83,------128,
2095,699,1,1,0,134,------365,441,0.83,------128,
2098,700,1,1,0,134,------365,441,0.83,------128,
2101,701,1,1,0,134,------365,441,0.83,------128,
2104,702,1,0,56,134,------309,441,0.7,------129,
2107,703,1,0,40,134,------269,441,0.61,------130,
2110,704,1,1,32,134,------301,441,0.68,------131,
2113,705,1,1,36,134,------337,441,0.76,------132,
2116,706,1,1,36,134,------373,441,0.85,------133,
2119,707,1,1,44,134,------417,441,0.95,------134,
2122,708,1,1,20,134,------437,441,0.99,------64,
2125,709,1,1,0,134,------437,441,0.99,------64,
2128,710,1,1,0,134,------437,441,0.99,------64,
2131,711,1,0,8,134,------429,441,0.97,------65,
2134,712,1,0,12,134,------417,441,0.95,------66,
2137,713,1,1,0,134,------417,441,0.95,------66,
2140,714,1,1,0,134,------417,441,0.95,------66,
2143,715,1,1,0,134,------417,441,0.95,------66,
2146,716,1,1,0,134,------417,441,0.95,------66,
2149,717,1,1,0,134,------417,441,0.95,------66,
2152,718,1,1,0,134,------417,441,0.95,------66,
2155,719,1,1,0,134,------417,441,0.95,------66,
2158,720,1,1,0,134,------417,441,0.95,------66,
2161,721,1,1,0,134,------417,441,0.95,------66,
2164,722,1,1,0,134,------417,441,0.95,------66,
2167,723,1,1,0,134,------417,441,0.95,------66,
2170,724,1,1,0,134,------417,441,0.95,------66,
2173,725,1,1,0,134,------417,441,0.95,------66,
2176,726,1,1,0,134,------417,441,0.95,------66,
2179,727,1,1,0,134,------417,441,0.95,------66,
2182,728,1,1,0,134,------417,441,0.95,------66,
2185,729,1,0,16,134,------401,441,0.91,------67,
2188,730,1,0,20,134,------381,441,0.86,------68,
2191,731,1,1,0,134,------381,441,0.86,------68,
2194,732,1,1,0,134,------381,441,0.86,------68,
2197,733,1,1,0,134,------381,441,0.86,------68,
2200,734,1,1,0,134,------381,441,0.86,------68,
2203,735,1,1,0,134,------381,441,0.86,------68,
2206,736,1,1,0,134,------381,441,0.86,------68,
2209,737,1,1,0,134,------381,441,0.86,------68,
2212,738,1,0,24,134,------357,441,0.81,------69,
2215,739,1,0,28,134,------329,441,0.75,------70,
2218,740,1,1,0,134,------329,441,0.75,------70,
2221,741,1,1,0,134,------329,441,0.75,------70,
2224,742,1,1,0,134,------329,441,0.75,------70,
2227,743,1,1,0,134,------329,441,0.75,------70,
2230,744,1,1,0,134,------329,441,0.75,------70,
2233,745,1,1,0,134,------329,441,0.75,------70,
2236,746,1,1,0,134,------329,441,0.75,------70,
2239,747,1,1,0,134,------329,441,0.75,------70,
2242,748,1,1,0,134,------329,441,0.75,------70,
2245,749,1,1,0,134,------329,441,0.75,------70,
2248,750,1,1,0,134,------329,441,0.75,------70,
2251,751,1,1,0,134,------329,441,0.75,------70,
2254,752,1,1,0,134,------329,441,0.75,------70,
2257,753,1,1,0,134,------329,441,0.75,------70,
2260,754,1,1,0,134,------329,441,0.75,------70,
2263,755,1,1,0,134,------329,441,0.75,------70,
2266,756,1,0,32,134,------297,441,0.67,------71,
2269,757,1,0,36,134,------261,441,0.59,------72,
2272,758,1,1,0,134,------261,441,0.59,------72,
2275,759,1,1,0,134,------261,441,0.59,------72,
2278,760,1,1,0,134,------261,441,0.59,------72,
2281,761,1,1,0,134,------261,441,0.59,------72,
2284,762,1,1,0,134,------261,441,0.59,------72,
2287,763,1,1,0,134,------261,441,0.59,------72,
2290,764,1,1,0,134,------261,441,0.59,------72,
2293,765,1,0,40,134,------221,441,0.5,------73,
2296,766,1,0,40,134,------181,361,0.5,------74,
2299,767,1,1,4,134,------185,441,0.42,------75,
2302,768,1,1,8,134,------193,441,0.44,------76,
2305,769,1,1,8,134,------201,441,0.46,------77,
2308,770,1,1,16,134,------217,441,0.49,------78,
2311,771,1,1,16,134,------233,441,0.53,------79,
2314,772,1,1,16,134,------249,441,0.56,------80,
2317,773,1,1,16,134,------265,441,0.6,------81,
2320,774,1,1,40,134,------305,441,0.69,------125,
2323,775,1,1,40,134,------345,441,0.78,------126,
2326,776,1,1,16,134,------361,441,0.82,------127,
2329,777,1,1,4,134,------365,441,0.83,------128,
2332,778,1,1,0,134,------365,441,0.83,------128,
2335,779,1,1,0,134,------365,441,0.83,------128,
2338,780,1,1,0,134,------365,441,0.83,------128,
2341,781,1,1,0,134,------365,441,0.83,------128,
2344,782,1,1,0,134,------365,441,0.83,------128,
2347,783,1,0,56,134,------309,441,0.7,------129,
2350,784,1,0,40,134,------269,441,0.61,------130,
2353,785,1,1,32,134,------301,441,0.68,------131,
2356,786,1,1,36,134,------337,441,0.76,------132,
2359,787,1,1,36,134,------373,441,0.85,------133,
2362,788,1,1,44,134,------417,441,0.95,------134,
2365,789,1,1,20,134,------437,441,0.99,------64,
2368,790,1,1,0,134,------437,441,0.99,------64,
2371,791,1,1,0,134,------437,441,0.99,------64,
2374,792,1,0,8,134,------429,441,0.97,------65,
2377,793,1,0,12,134,------417,441,0.95,------66,
2380,794,1,1,0,134,------417,441,0.95,------66,
2383,795,1,1,0,134,------417,441,0.95,------66,
2386,796,1,1,0,134,------417,441,0.95,------66,
2389,797,1,1,0,134,------417,441,0.95,------66,
2392,798,1,1,0,134,------417,441,0.95,------66,
2395,799,1,1,0,134,------417,441,0.95,------66,
2398,800,1,1,0,134,------417,441,0.95,------66,
2401,801,1,1,0,134,------417,441,0.95,------66,
2404,802,1,1,0,134,------417,441,0.95,------66,
2407,803,1,1,0,134,------417,441,0.95,------66,
2410,804,1,1,0,134,------417,441,0.95,------66,
2413,805,1,1,0,134,------417,441,0.95,------66,
2416,806,1,1,0,134,------417,441,0.95,------66,
2419,807,1,1,0,134,------417,441,0.95,------66,
2422,808,1,1,0,134,------417,441,0.95,------66,
2425,809,1,1,0,134,------417,441,0.95,------66,
2428,810,1,0,16,134,------401,441,0.91,------67,
2431,811,1,0,20,134,------381,441,0.86,------68,
2434,812,1,1,0,134,------381,441,0.86,------68,
2437,813,1,1,0,134,------381,441,0.86,------68,
2440,814,1,1,0,134,------381,441,0.86,------68,
2443,815,1,1,0,134,------381,441,0.86,------68,
2446,816,1,1,0,134,------381,441,0.86,------68,
2449,817,1,1,0,134,------381,441,0.86,------68,
2452,818,1,1,0,134,------381,441,0.86,------68,
2455,819,1,0,24,134,------357,441,0.81,------69,
2458,820,1,0,28,134,------329,441,0.75,------70,
2461,821,1,1,0,134,------329,441,0.75,------70,
2464,822,1,1,0,134,------329,441,0.75,------70,
2467,823,1,1,0,134,------329,441,0.75,------70,
2470,824,1,1,0,134,------329,441,0.75,------70,
2473,825,1,1,0,134,------329,441,0.75,------70,
2476,826,1,1,0,134,------329,441,0.75,------70,
2479,827,1,1,0,134,------329,441,0.75,------70,
2482,828,1,1,0,134,------329,441,0.75,------70,
2485,829,1,1,0,134,------329,441,0.75,------70,
2488,830,1,1,0,134,------329,441,0.75,------70,
2491,831,1,1,0,134,------329,441,0.75,------70,
2494,832,1,1,0,134,------329,441,0.75,------70,
2497,833,1,1,0,134,------329,441,0.75,------70,
2500,834,1,1,0,134,------329,441,0.75,------70,
2503,835,1,1,0,134,------329,441,0.75,------70,
2506,836,1,1,0,134,------329,441,0.75,------70,
2509,837,1,0,32,134,------297,441,0.67,------71,
