L1A1-->Columns Header:, LevelCount, AutomataStep, AggregateState, Goal, StateDifference, DiversityCounter, LiveCellsCount, LiveCellsArea, LiveCellsDensity, StateId
2,1,0,1,0,1,------0,0,0.0,------1,
5,2,0,1,0,1,------0,0,0.0,------1,
8,3,0,1,0,1,------0,0,0.0,------1,
11,4,0,1,0,1,------0,0,0.0,------1,
14,5,0,1,0,1,------0,0,0.0,------1,
17,6,1,1,32,2,------32,32,1.0,------2,
20,7,0,0,20,3,------12,12,1.0,------3,
23,8,0,0,12,3,------0,0,0.0,------1,
26,9,0,0,0,3,------0,0,0.0,------1,
29,10,0,1,28,4,------28,32,0.88,------4,
32,11,0,1,0,4,------28,32,0.88,------4,
35,12,0,1,0,4,------28,32,0.88,------4,
38,13,0,1,0,4,------28,32,0.88,------4,
41,14,0,1,0,4,------28,32,0.88,------4,
44,15,0,1,0,4,------28,32,0.88,------4,
47,16,1,1,4,4,------32,32,1.0,------2,
50,17,1,1,0,4,------32,32,1.0,------2,
53,18,1,1,0,4,------32,32,1.0,------2,
56,19,0,0,20,4,------12,12,1.0,------3,
59,20,0,0,0,4,------12,12,1.0,------3,
62,21,0,0,0,4,------12,12,1.0,------3,
65,22,0,1,16,4,------28,32,0.88,------4,
68,23,1,1,4,4,------32,32,1.0,------2,
71,24,1,1,0,4,------32,32,1.0,------2,
74,25,0,0,20,4,------12,12,1.0,------3,
77,26,0,0,12,4,------0,0,0.0,------1,
80,27,0,0,0,4,------0,0,0.0,------1,
83,28,0,1,28,4,------28,32,0.88,------4,
86,29,0,1,0,4,------28,32,0.88,------4,
89,30,0,1,0,4,------28,32,0.88,------4,
92,31,0,1,0,4,------28,32,0.88,------4,
95,32,0,1,0,4,------28,32,0.88,------4,
98,33,1,1,4,4,------32,32,1.0,------2,
101,34,0,0,20,4,------12,12,1.0,------3,
104,35,0,0,12,4,------0,0,0.0,------1,
107,36,0,0,0,4,------0,0,0.0,------1,
110,37,0,1,28,4,------28,32,0.88,------4,
113,38,0,1,0,4,------28,32,0.88,------4,
116,39,0,1,0,4,------28,32,0.88,------4,
119,40,0,1,0,4,------28,32,0.88,------4,
122,41,0,1,0,4,------28,32,0.88,------4,
125,42,0,1,0,4,------28,32,0.88,------4,
128,43,1,1,4,4,------32,32,1.0,------2,
131,44,1,1,0,4,------32,32,1.0,------2,
134,45,1,1,0,4,------32,32,1.0,------2,
137,46,0,0,20,4,------12,12,1.0,------3,
140,47,0,0,0,4,------12,12,1.0,------3,
143,48,0,0,0,4,------12,12,1.0,------3,
146,49,0,1,16,4,------28,32,0.88,------4,
149,50,1,1,4,4,------32,32,1.0,------2,
152,51,1,1,0,4,------32,32,1.0,------2,
155,52,0,0,20,4,------12,12,1.0,------3,
158,53,0,0,12,4,------0,0,0.0,------1,
161,54,0,0,0,4,------0,0,0.0,------1,
164,55,0,1,28,4,------28,32,0.88,------4,
167,56,0,1,0,4,------28,32,0.88,------4,
170,57,0,1,0,4,------28,32,0.88,------4,
173,58,0,1,0,4,------28,32,0.88,------4,
176,59,0,1,0,4,------28,32,0.88,------4,
179,60,1,1,4,4,------32,32,1.0,------2,
182,61,0,0,20,4,------12,12,1.0,------3,
185,62,0,0,12,4,------0,0,0.0,------1,
188,63,0,0,0,4,------0,0,0.0,------1,
191,64,0,1,28,4,------28,32,0.88,------4,
194,65,0,1,0,4,------28,32,0.88,------4,
197,66,0,1,0,4,------28,32,0.88,------4,
200,67,0,1,0,4,------28,32,0.88,------4,
203,68,0,1,0,4,------28,32,0.88,------4,
206,69,0,1,0,4,------28,32,0.88,------4,
209,70,1,1,4,4,------32,32,1.0,------2,
212,71,1,1,0,4,------32,32,1.0,------2,
215,72,1,1,0,4,------32,32,1.0,------2,
218,73,0,0,20,4,------12,12,1.0,------3,
221,74,0,0,0,4,------12,12,1.0,------3,
224,75,0,0,0,4,------12,12,1.0,------3,
227,76,0,1,16,4,------28,32,0.88,------4,
230,77,1,1,4,4,------32,32,1.0,------2,
233,78,1,1,0,4,------32,32,1.0,------2,
236,79,0,0,20,4,------12,12,1.0,------3,
239,80,0,0,12,4,------0,0,0.0,------1,
242,81,0,0,0,4,------0,0,0.0,------1,
245,82,0,1,28,4,------28,32,0.88,------4,
248,83,0,1,0,4,------28,32,0.88,------4,
251,84,0,1,0,4,------28,32,0.88,------4,
254,85,0,1,0,4,------28,32,0.88,------4,
257,86,0,1,0,4,------28,32,0.88,------4,
260,87,1,1,4,4,------32,32,1.0,------2,
263,88,0,0,20,4,------12,12,1.0,------3,
266,89,0,0,12,4,------0,0,0.0,------1,
269,90,0,0,0,4,------0,0,0.0,------1,
272,91,0,1,28,4,------28,32,0.88,------4,
275,92,0,1,0,4,------28,32,0.88,------4,
278,93,0,1,0,4,------28,32,0.88,------4,
281,94,0,1,0,4,------28,32,0.88,------4,
284,95,0,1,0,4,------28,32,0.88,------4,
287,96,0,1,0,4,------28,32,0.88,------4,
290,97,1,1,4,4,------32,32,1.0,------2,
293,98,1,1,0,4,------32,32,1.0,------2,
296,99,1,1,0,4,------32,32,1.0,------2,
299,100,0,0,20,4,------12,12,1.0,------3,
302,101,0,0,0,4,------12,12,1.0,------3,
305,102,0,0,0,4,------12,12,1.0,------3,
308,103,0,1,16,4,------28,32,0.88,------4,
311,104,1,1,4,4,------32,32,1.0,------2,
314,105,1,1,0,4,------32,32,1.0,------2,
317,106,0,0,20,4,------12,12,1.0,------3,
320,107,0,0,12,4,------0,0,0.0,------1,
323,108,0,0,0,4,------0,0,0.0,------1,
326,109,0,1,28,4,------28,32,0.88,------4,
329,110,0,1,0,4,------28,32,0.88,------4,
332,111,0,1,0,4,------28,32,0.88,------4,
335,112,0,1,0,4,------28,32,0.88,------4,
338,113,0,1,0,4,------28,32,0.88,------4,
341,114,1,1,4,4,------32,32,1.0,------2,
344,115,0,0,20,4,------12,12,1.0,------3,
347,116,0,0,12,4,------0,0,0.0,------1,
350,117,0,0,0,4,------0,0,0.0,------1,
353,118,0,1,28,4,------28,32,0.88,------4,
356,119,0,1,0,4,------28,32,0.88,------4,
359,120,0,1,0,4,------28,32,0.88,------4,
362,121,0,1,0,4,------28,32,0.88,------4,
365,122,0,1,0,4,------28,32,0.88,------4,
368,123,0,1,0,4,------28,32,0.88,------4,
371,124,1,1,4,4,------32,32,1.0,------2,
374,125,1,1,0,4,------32,32,1.0,------2,
377,126,1,1,0,4,------32,32,1.0,------2,
380,127,0,0,20,4,------12,12,1.0,------3,
383,128,0,0,0,4,------12,12,1.0,------3,
386,129,0,0,0,4,------12,12,1.0,------3,
389,130,0,1,16,4,------28,32,0.88,------4,
392,131,1,1,4,4,------32,32,1.0,------2,
395,132,1,1,0,4,------32,32,1.0,------2,
398,133,0,0,20,4,------12,12,1.0,------3,
401,134,0,0,12,4,------0,0,0.0,------1,
404,135,0,0,0,4,------0,0,0.0,------1,
407,136,0,1,28,4,------28,32,0.88,------4,
410,137,0,1,0,4,------28,32,0.88,------4,
413,138,0,1,0,4,------28,32,0.88,------4,
416,139,0,1,0,4,------28,32,0.88,------4,
419,140,0,1,0,4,------28,32,0.88,------4,
422,141,1,1,4,4,------32,32,1.0,------2,
425,142,0,0,20,4,------12,12,1.0,------3,
428,143,0,0,12,4,------0,0,0.0,------1,
431,144,0,0,0,4,------0,0,0.0,------1,
434,145,0,1,28,4,------28,32,0.88,------4,
437,146,0,1,0,4,------28,32,0.88,------4,
440,147,0,1,0,4,------28,32,0.88,------4,
443,148,0,1,0,4,------28,32,0.88,------4,
446,149,0,1,0,4,------28,32,0.88,------4,
449,150,0,1,0,4,------28,32,0.88,------4,
452,151,1,1,4,4,------32,32,1.0,------2,
455,152,1,1,0,4,------32,32,1.0,------2,
458,153,1,1,0,4,------32,32,1.0,------2,
461,154,0,0,20,4,------12,12,1.0,------3,
464,155,0,0,0,4,------12,12,1.0,------3,
467,156,0,0,0,4,------12,12,1.0,------3,
470,157,0,1,16,4,------28,32,0.88,------4,
473,158,1,1,4,4,------32,32,1.0,------2,
476,159,1,1,0,4,------32,32,1.0,------2,
479,160,0,0,20,4,------12,12,1.0,------3,
482,161,0,0,12,4,------0,0,0.0,------1,
485,162,0,0,0,4,------0,0,0.0,------1,
488,163,0,1,28,4,------28,32,0.88,------4,
491,164,0,1,0,4,------28,32,0.88,------4,
494,165,0,1,0,4,------28,32,0.88,------4,
497,166,0,1,0,4,------28,32,0.88,------4,
500,167,0,1,0,4,------28,32,0.88,------4,
503,168,1,1,4,4,------32,32,1.0,------2,
506,169,0,0,20,4,------12,12,1.0,------3,
509,170,0,0,12,4,------0,0,0.0,------1,
512,171,0,0,0,4,------0,0,0.0,------1,
515,172,0,1,28,4,------28,32,0.88,------4,
518,173,0,1,0,4,------28,32,0.88,------4,
521,174,0,1,0,4,------28,32,0.88,------4,
524,175,0,1,0,4,------28,32,0.88,------4,
527,176,0,1,0,4,------28,32,0.88,------4,
530,177,0,1,0,4,------28,32,0.88,------4,
533,178,1,1,4,4,------32,32,1.0,------2,
536,179,1,1,0,4,------32,32,1.0,------2,
539,180,1,1,0,4,------32,32,1.0,------2,
542,181,0,0,20,4,------12,12,1.0,------3,
545,182,0,0,0,4,------12,12,1.0,------3,
548,183,0,0,0,4,------12,12,1.0,------3,
551,184,0,1,16,4,------28,32,0.88,------4,
554,185,1,1,4,4,------32,32,1.0,------2,
557,186,1,1,0,4,------32,32,1.0,------2,
560,187,0,0,20,4,------12,12,1.0,------3,
563,188,0,0,12,4,------0,0,0.0,------1,
566,189,0,0,0,4,------0,0,0.0,------1,
569,190,0,1,28,4,------28,32,0.88,------4,
572,191,0,1,0,4,------28,32,0.88,------4,
575,192,0,1,0,4,------28,32,0.88,------4,
578,193,0,1,0,4,------28,32,0.88,------4,
581,194,0,1,0,4,------28,32,0.88,------4,
584,195,1,1,4,4,------32,32,1.0,------2,
587,196,0,0,20,4,------12,12,1.0,------3,
590,197,0,0,12,4,------0,0,0.0,------1,
593,198,0,0,0,4,------0,0,0.0,------1,
596,199,0,1,28,4,------28,32,0.88,------4,
599,200,0,1,0,4,------28,32,0.88,------4,
602,201,0,1,0,4,------28,32,0.88,------4,
605,202,0,1,0,4,------28,32,0.88,------4,
608,203,0,1,0,4,------28,32,0.88,------4,
611,204,0,1,0,4,------28,32,0.88,------4,
614,205,1,1,4,4,------32,32,1.0,------2,
617,206,1,1,0,4,------32,32,1.0,------2,
620,207,1,1,0,4,------32,32,1.0,------2,
623,208,0,0,20,4,------12,12,1.0,------3,
626,209,0,0,0,4,------12,12,1.0,------3,
629,210,0,0,0,4,------12,12,1.0,------3,
632,211,0,1,16,4,------28,32,0.88,------4,
635,212,1,1,4,4,------32,32,1.0,------2,
638,213,1,1,0,4,------32,32,1.0,------2,
641,214,0,0,20,4,------12,12,1.0,------3,
644,215,0,0,12,4,------0,0,0.0,------1,
647,216,0,0,0,4,------0,0,0.0,------1,
650,217,0,1,28,4,------28,32,0.88,------4,
653,218,0,1,0,4,------28,32,0.88,------4,
656,219,0,1,0,4,------28,32,0.88,------4,
659,220,0,1,0,4,------28,32,0.88,------4,
662,221,0,1,0,4,------28,32,0.88,------4,
665,222,1,1,4,4,------32,32,1.0,------2,
668,223,0,0,20,4,------12,12,1.0,------3,
671,224,0,0,12,4,------0,0,0.0,------1,
674,225,0,0,0,4,------0,0,0.0,------1,
677,226,0,1,28,4,------28,32,0.88,------4,
680,227,0,1,0,4,------28,32,0.88,------4,
683,228,0,1,0,4,------28,32,0.88,------4,
686,229,0,1,0,4,------28,32,0.88,------4,
689,230,0,1,0,4,------28,32,0.88,------4,
692,231,0,1,0,4,------28,32,0.88,------4,
695,232,1,1,4,4,------32,32,1.0,------2,
698,233,1,1,0,4,------32,32,1.0,------2,
701,234,1,1,0,4,------32,32,1.0,------2,
704,235,0,0,20,4,------12,12,1.0,------3,
707,236,0,0,0,4,------12,12,1.0,------3,
710,237,0,0,0,4,------12,12,1.0,------3,
713,238,0,1,16,4,------28,32,0.88,------4,
716,239,1,1,4,4,------32,32,1.0,------2,
719,240,1,1,0,4,------32,32,1.0,------2,
722,241,0,0,20,4,------12,12,1.0,------3,
725,242,0,0,12,4,------0,0,0.0,------1,
728,243,0,0,0,4,------0,0,0.0,------1,
731,244,0,1,28,4,------28,32,0.88,------4,
734,245,0,1,0,4,------28,32,0.88,------4,
737,246,0,1,0,4,------28,32,0.88,------4,
740,247,0,1,0,4,------28,32,0.88,------4,
743,248,0,1,0,4,------28,32,0.88,------4,
746,249,1,1,4,4,------32,32,1.0,------2,
749,250,0,0,20,4,------12,12,1.0,------3,
752,251,0,0,12,4,------0,0,0.0,------1,
755,252,0,0,0,4,------0,0,0.0,------1,
758,253,0,1,28,4,------28,32,0.88,------4,
761,254,0,1,0,4,------28,32,0.88,------4,
764,255,0,1,0,4,------28,32,0.88,------4,
767,256,0,1,0,4,------28,32,0.88,------4,
770,257,0,1,0,4,------28,32,0.88,------4,
773,258,0,1,0,4,------28,32,0.88,------4,
776,259,1,1,4,4,------32,32,1.0,------2,
779,260,1,1,0,4,------32,32,1.0,------2,
782,261,1,1,0,4,------32,32,1.0,------2,
785,262,0,0,20,4,------12,12,1.0,------3,
788,263,0,0,0,4,------12,12,1.0,------3,
791,264,0,0,0,4,------12,12,1.0,------3,
794,265,0,1,16,4,------28,32,0.88,------4,
797,266,1,1,4,4,------32,32,1.0,------2,
800,267,1,1,0,4,------32,32,1.0,------2,
803,268,0,0,20,4,------12,12,1.0,------3,
806,269,0,0,12,4,------0,0,0.0,------1,
809,270,0,0,0,4,------0,0,0.0,------1,
812,271,0,1,28,4,------28,32,0.88,------4,
815,272,0,1,0,4,------28,32,0.88,------4,
818,273,0,1,0,4,------28,32,0.88,------4,
821,274,0,1,0,4,------28,32,0.88,------4,
824,275,0,1,0,4,------28,32,0.88,------4,
827,276,1,1,4,4,------32,32,1.0,------2,
830,277,0,0,20,4,------12,12,1.0,------3,
833,278,0,0,12,4,------0,0,0.0,------1,
836,279,0,0,0,4,------0,0,0.0,------1,
839,280,0,1,28,4,------28,32,0.88,------4,
842,281,0,1,0,4,------28,32,0.88,------4,
845,282,0,1,0,4,------28,32,0.88,------4,
848,283,0,1,0,4,------28,32,0.88,------4,
851,284,0,1,0,4,------28,32,0.88,------4,
854,285,0,1,0,4,------28,32,0.88,------4,
857,286,1,1,4,4,------32,32,1.0,------2,
860,287,1,1,0,4,------32,32,1.0,------2,
863,288,1,1,0,4,------32,32,1.0,------2,
866,289,0,0,20,4,------12,12,1.0,------3,
869,290,0,0,0,4,------12,12,1.0,------3,
872,291,0,0,0,4,------12,12,1.0,------3,
875,292,0,1,16,4,------28,32,0.88,------4,
878,293,1,1,4,4,------32,32,1.0,------2,
881,294,1,1,0,4,------32,32,1.0,------2,
884,295,0,0,20,4,------12,12,1.0,------3,
887,296,0,0,12,4,------0,0,0.0,------1,
890,297,0,0,0,4,------0,0,0.0,------1,
893,298,0,1,28,4,------28,32,0.88,------4,
896,299,0,1,0,4,------28,32,0.88,------4,
899,300,0,1,0,4,------28,32,0.88,------4,
902,301,0,1,0,4,------28,32,0.88,------4,
905,302,0,1,0,4,------28,32,0.88,------4,
908,303,1,1,4,4,------32,32,1.0,------2,
911,304,0,0,20,4,------12,12,1.0,------3,
914,305,0,0,12,4,------0,0,0.0,------1,
917,306,0,0,0,4,------0,0,0.0,------1,
920,307,0,1,28,4,------28,32,0.88,------4,
923,308,0,1,0,4,------28,32,0.88,------4,
926,309,0,1,0,4,------28,32,0.88,------4,
929,310,0,1,0,4,------28,32,0.88,------4,
932,311,0,1,0,4,------28,32,0.88,------4,
935,312,0,1,0,4,------28,32,0.88,------4,
938,313,1,1,4,4,------32,32,1.0,------2,
941,314,1,1,0,4,------32,32,1.0,------2,
944,315,1,1,0,4,------32,32,1.0,------2,
947,316,0,0,20,4,------12,12,1.0,------3,
950,317,0,0,0,4,------12,12,1.0,------3,
953,318,0,0,0,4,------12,12,1.0,------3,
956,319,0,1,16,4,------28,32,0.88,------4,
959,320,1,1,4,4,------32,32,1.0,------2,
962,321,1,1,0,4,------32,32,1.0,------2,
965,322,0,0,20,4,------12,12,1.0,------3,
968,323,0,0,12,4,------0,0,0.0,------1,
971,324,0,0,0,4,------0,0,0.0,------1,
974,325,0,1,28,4,------28,32,0.88,------4,
977,326,0,1,0,4,------28,32,0.88,------4,
980,327,0,1,0,4,------28,32,0.88,------4,
983,328,0,1,0,4,------28,32,0.88,------4,
986,329,0,1,0,4,------28,32,0.88,------4,
989,330,1,1,4,4,------32,32,1.0,------2,
992,331,0,0,20,4,------12,12,1.0,------3,
995,332,0,0,12,4,------0,0,0.0,------1,
998,333,0,0,0,4,------0,0,0.0,------1,
1001,334,0,1,28,4,------28,32,0.88,------4,
1004,335,0,1,0,4,------28,32,0.88,------4,
1007,336,0,1,0,4,------28,32,0.88,------4,
1010,337,0,1,0,4,------28,32,0.88,------4,
1013,338,0,1,0,4,------28,32,0.88,------4,
1016,339,0,1,0,4,------28,32,0.88,------4,
1019,340,1,1,4,4,------32,32,1.0,------2,
1022,341,1,1,0,4,------32,32,1.0,------2,
1025,342,1,1,0,4,------32,32,1.0,------2,
1028,343,0,0,20,4,------12,12,1.0,------3,
1031,344,0,0,0,4,------12,12,1.0,------3,
1034,345,0,0,0,4,------12,12,1.0,------3,
1037,346,0,1,16,4,------28,32,0.88,------4,
1040,347,1,1,4,4,------32,32,1.0,------2,
1043,348,1,1,0,4,------32,32,1.0,------2,
1046,349,0,0,20,4,------12,12,1.0,------3,
1049,350,0,0,12,4,------0,0,0.0,------1,
1052,351,0,0,0,4,------0,0,0.0,------1,
1055,352,0,1,28,4,------28,32,0.88,------4,
1058,353,0,1,0,4,------28,32,0.88,------4,
1061,354,0,1,0,4,------28,32,0.88,------4,
1064,355,0,1,0,4,------28,32,0.88,------4,
1067,356,0,1,0,4,------28,32,0.88,------4,
1070,357,1,1,4,4,------32,32,1.0,------2,
1073,358,0,0,20,4,------12,12,1.0,------3,
1076,359,0,0,12,4,------0,0,0.0,------1,
1079,360,0,0,0,4,------0,0,0.0,------1,
1082,361,0,1,28,4,------28,32,0.88,------4,
1085,362,0,1,0,4,------28,32,0.88,------4,
1088,363,0,1,0,4,------28,32,0.88,------4,
1091,364,0,1,0,4,------28,32,0.88,------4,
1094,365,0,1,0,4,------28,32,0.88,------4,
1097,366,0,1,0,4,------28,32,0.88,------4,
1100,367,1,1,4,4,------32,32,1.0,------2,
1103,368,1,1,0,4,------32,32,1.0,------2,
1106,369,1,1,0,4,------32,32,1.0,------2,
1109,370,0,0,20,4,------12,12,1.0,------3,
1112,371,0,0,0,4,------12,12,1.0,------3,
1115,372,0,0,0,4,------12,12,1.0,------3,
1118,373,0,1,16,4,------28,32,0.88,------4,
1121,374,1,1,4,4,------32,32,1.0,------2,
1124,375,1,1,0,4,------32,32,1.0,------2,
1127,376,0,0,20,4,------12,12,1.0,------3,
1130,377,0,0,12,4,------0,0,0.0,------1,
1133,378,0,0,0,4,------0,0,0.0,------1,
1136,379,0,1,28,4,------28,32,0.88,------4,
1139,380,0,1,0,4,------28,32,0.88,------4,
1142,381,0,1,0,4,------28,32,0.88,------4,
1145,382,0,1,0,4,------28,32,0.88,------4,
1148,383,0,1,0,4,------28,32,0.88,------4,
1151,384,1,1,4,4,------32,32,1.0,------2,
1154,385,0,0,20,4,------12,12,1.0,------3,
1157,386,0,0,12,4,------0,0,0.0,------1,
1160,387,0,0,0,4,------0,0,0.0,------1,
1163,388,0,1,28,4,------28,32,0.88,------4,
1166,389,0,1,0,4,------28,32,0.88,------4,
1169,390,0,1,0,4,------28,32,0.88,------4,
1172,391,0,1,0,4,------28,32,0.88,------4,
1175,392,0,1,0,4,------28,32,0.88,------4,
1178,393,0,1,0,4,------28,32,0.88,------4,
1181,394,1,1,4,4,------32,32,1.0,------2,
1184,395,1,1,0,4,------32,32,1.0,------2,
1187,396,1,1,0,4,------32,32,1.0,------2,
1190,397,0,0,20,4,------12,12,1.0,------3,
1193,398,0,0,0,4,------12,12,1.0,------3,
1196,399,0,0,0,4,------12,12,1.0,------3,
1199,400,0,1,16,4,------28,32,0.88,------4,
1202,401,1,1,4,4,------32,32,1.0,------2,
1205,402,1,1,0,4,------32,32,1.0,------2,
1208,403,0,0,20,4,------12,12,1.0,------3,
1211,404,0,0,12,4,------0,0,0.0,------1,
1214,405,0,0,0,4,------0,0,0.0,------1,
1217,406,0,1,28,4,------28,32,0.88,------4,
1220,407,0,1,0,4,------28,32,0.88,------4,
1223,408,0,1,0,4,------28,32,0.88,------4,
1226,409,0,1,0,4,------28,32,0.88,------4,
1229,410,0,1,0,4,------28,32,0.88,------4,
1232,411,1,1,4,4,------32,32,1.0,------2,
1235,412,0,0,20,4,------12,12,1.0,------3,
1238,413,0,0,12,4,------0,0,0.0,------1,
1241,414,0,0,0,4,------0,0,0.0,------1,
1244,415,0,1,28,4,------28,32,0.88,------4,
1247,416,0,1,0,4,------28,32,0.88,------4,
1250,417,0,1,0,4,------28,32,0.88,------4,
1253,418,0,1,0,4,------28,32,0.88,------4,
1256,419,0,1,0,4,------28,32,0.88,------4,
1259,420,0,1,0,4,------28,32,0.88,------4,
1262,421,1,1,4,4,------32,32,1.0,------2,
1265,422,1,1,0,4,------32,32,1.0,------2,
1268,423,1,1,0,4,------32,32,1.0,------2,
1271,424,0,0,20,4,------12,12,1.0,------3,
1274,425,0,0,0,4,------12,12,1.0,------3,
1277,426,0,0,0,4,------12,12,1.0,------3,
1280,427,0,1,16,4,------28,32,0.88,------4,
1283,428,1,1,4,4,------32,32,1.0,------2,
1286,429,1,1,0,4,------32,32,1.0,------2,
1289,430,0,0,20,4,------12,12,1.0,------3,
1292,431,0,0,12,4,------0,0,0.0,------1,
1295,432,0,0,0,4,------0,0,0.0,------1,
1298,433,0,1,28,4,------28,32,0.88,------4,
1301,434,0,1,0,4,------28,32,0.88,------4,
1304,435,0,1,0,4,------28,32,0.88,------4,
1307,436,0,1,0,4,------28,32,0.88,------4,
1310,437,0,1,0,4,------28,32,0.88,------4,
1313,438,1,1,4,4,------32,32,1.0,------2,
1316,439,0,0,20,4,------12,12,1.0,------3,
1319,440,0,0,12,4,------0,0,0.0,------1,
1322,441,0,0,0,4,------0,0,0.0,------1,
1325,442,0,1,28,4,------28,32,0.88,------4,
1328,443,0,1,0,4,------28,32,0.88,------4,
1331,444,0,1,0,4,------28,32,0.88,------4,
1334,445,0,1,0,4,------28,32,0.88,------4,
1337,446,0,1,0,4,------28,32,0.88,------4,
1340,447,0,1,0,4,------28,32,0.88,------4,
1343,448,1,1,4,4,------32,32,1.0,------2,
1346,449,1,1,0,4,------32,32,1.0,------2,
1349,450,1,1,0,4,------32,32,1.0,------2,
1352,451,0,0,20,4,------12,12,1.0,------3,
1355,452,0,0,0,4,------12,12,1.0,------3,
1358,453,0,0,0,4,------12,12,1.0,------3,
1361,454,0,1,16,4,------28,32,0.88,------4,
1364,455,1,1,4,4,------32,32,1.0,------2,
1367,456,1,1,0,4,------32,32,1.0,------2,
1370,457,0,0,20,4,------12,12,1.0,------3,
1373,458,0,0,12,4,------0,0,0.0,------1,
1376,459,0,0,0,4,------0,0,0.0,------1,
1379,460,0,1,28,4,------28,32,0.88,------4,
1382,461,0,1,0,4,------28,32,0.88,------4,
1385,462,0,1,0,4,------28,32,0.88,------4,
1388,463,0,1,0,4,------28,32,0.88,------4,
1391,464,0,1,0,4,------28,32,0.88,------4,
1394,465,1,1,4,4,------32,32,1.0,------2,
1397,466,0,0,20,4,------12,12,1.0,------3,
1400,467,0,0,12,4,------0,0,0.0,------1,
1403,468,0,0,0,4,------0,0,0.0,------1,
1406,469,0,1,28,4,------28,32,0.88,------4,
1409,470,0,1,0,4,------28,32,0.88,------4,
1412,471,0,1,0,4,------28,32,0.88,------4,
1415,472,0,1,0,4,------28,32,0.88,------4,
1418,473,0,1,0,4,------28,32,0.88,------4,
1421,474,0,1,0,4,------28,32,0.88,------4,
1424,475,1,1,4,4,------32,32,1.0,------2,
1427,476,1,1,0,4,------32,32,1.0,------2,
1430,477,1,1,0,4,------32,32,1.0,------2,
1433,478,0,0,20,4,------12,12,1.0,------3,
1436,479,0,0,0,4,------12,12,1.0,------3,
1439,480,0,0,0,4,------12,12,1.0,------3,
1442,481,0,1,16,4,------28,32,0.88,------4,
1445,482,1,1,4,4,------32,32,1.0,------2,
1448,483,1,1,0,4,------32,32,1.0,------2,
1451,484,0,0,20,4,------12,12,1.0,------3,
1454,485,0,0,12,4,------0,0,0.0,------1,
1457,486,0,0,0,4,------0,0,0.0,------1,
1460,487,0,1,28,4,------28,32,0.88,------4,
1463,488,0,1,0,4,------28,32,0.88,------4,
1466,489,0,1,0,4,------28,32,0.88,------4,
1469,490,0,1,0,4,------28,32,0.88,------4,
1472,491,0,1,0,4,------28,32,0.88,------4,
1475,492,1,1,4,4,------32,32,1.0,------2,
1478,493,0,0,20,4,------12,12,1.0,------3,
1481,494,0,0,12,4,------0,0,0.0,------1,
1484,495,0,0,0,4,------0,0,0.0,------1,
1487,496,0,1,28,4,------28,32,0.88,------4,
1490,497,0,1,0,4,------28,32,0.88,------4,
1493,498,0,1,0,4,------28,32,0.88,------4,
1496,499,0,1,0,4,------28,32,0.88,------4,
1499,500,0,1,0,4,------28,32,0.88,------4,
1502,501,0,1,0,4,------28,32,0.88,------4,
1505,502,1,1,4,4,------32,32,1.0,------2,
1508,503,1,1,0,4,------32,32,1.0,------2,
1511,504,1,1,0,4,------32,32,1.0,------2,
1514,505,0,0,20,4,------12,12,1.0,------3,
1517,506,0,0,0,4,------12,12,1.0,------3,
1520,507,0,0,0,4,------12,12,1.0,------3,
1523,508,0,1,16,4,------28,32,0.88,------4,
1526,509,1,1,4,4,------32,32,1.0,------2,
1529,510,1,1,0,4,------32,32,1.0,------2,
1532,511,0,0,20,4,------12,12,1.0,------3,
1535,512,0,0,12,4,------0,0,0.0,------1,
1538,513,0,0,0,4,------0,0,0.0,------1,
1541,514,0,1,28,4,------28,32,0.88,------4,
1544,515,0,1,0,4,------28,32,0.88,------4,
1547,516,0,1,0,4,------28,32,0.88,------4,
1550,517,0,1,0,4,------28,32,0.88,------4,
1553,518,0,1,0,4,------28,32,0.88,------4,
1556,519,1,1,4,4,------32,32,1.0,------2,
1559,520,0,0,20,4,------12,12,1.0,------3,
1562,521,0,0,12,4,------0,0,0.0,------1,
1565,522,0,0,0,4,------0,0,0.0,------1,
1568,523,0,1,28,4,------28,32,0.88,------4,
1571,524,0,1,0,4,------28,32,0.88,------4,
1574,525,0,1,0,4,------28,32,0.88,------4,
1577,526,0,1,0,4,------28,32,0.88,------4,
1580,527,0,1,0,4,------28,32,0.88,------4,
1583,528,0,1,0,4,------28,32,0.88,------4,
1586,529,1,1,4,4,------32,32,1.0,------2,
1589,530,1,1,0,4,------32,32,1.0,------2,
1592,531,1,1,0,4,------32,32,1.0,------2,
1595,532,0,0,20,4,------12,12,1.0,------3,
1598,533,0,0,0,4,------12,12,1.0,------3,
1601,534,0,0,0,4,------12,12,1.0,------3,
1604,535,0,1,16,4,------28,32,0.88,------4,
1607,536,1,1,4,4,------32,32,1.0,------2,
1610,537,1,1,0,4,------32,32,1.0,------2,
1613,538,0,0,20,4,------12,12,1.0,------3,
1616,539,0,0,12,4,------0,0,0.0,------1,
1619,540,0,0,0,4,------0,0,0.0,------1,
1622,541,0,1,28,4,------28,32,0.88,------4,
1625,542,0,1,0,4,------28,32,0.88,------4,
1628,543,0,1,0,4,------28,32,0.88,------4,
1631,544,0,1,0,4,------28,32,0.88,------4,
1634,545,0,1,0,4,------28,32,0.88,------4,
1637,546,1,1,4,4,------32,32,1.0,------2,
1640,547,0,0,20,4,------12,12,1.0,------3,
1643,548,0,0,12,4,------0,0,0.0,------1,
1646,549,0,0,0,4,------0,0,0.0,------1,
1649,550,0,1,28,4,------28,32,0.88,------4,
1652,551,0,1,0,4,------28,32,0.88,------4,
1655,552,0,1,0,4,------28,32,0.88,------4,
1658,553,0,1,0,4,------28,32,0.88,------4,
1661,554,0,1,0,4,------28,32,0.88,------4,
1664,555,0,1,0,4,------28,32,0.88,------4,
1667,556,1,1,4,4,------32,32,1.0,------2,
1670,557,1,1,0,4,------32,32,1.0,------2,
1673,558,1,1,0,4,------32,32,1.0,------2,
1676,559,0,0,20,4,------12,12,1.0,------3,
1679,560,0,0,0,4,------12,12,1.0,------3,
1682,561,0,0,0,4,------12,12,1.0,------3,
1685,562,0,1,16,4,------28,32,0.88,------4,
1688,563,1,1,4,4,------32,32,1.0,------2,
1691,564,1,1,0,4,------32,32,1.0,------2,
1694,565,0,0,20,4,------12,12,1.0,------3,
1697,566,0,0,12,4,------0,0,0.0,------1,
1700,567,0,0,0,4,------0,0,0.0,------1,
1703,568,0,1,28,4,------28,32,0.88,------4,
1706,569,0,1,0,4,------28,32,0.88,------4,
1709,570,0,1,0,4,------28,32,0.88,------4,
1712,571,0,1,0,4,------28,32,0.88,------4,
1715,572,0,1,0,4,------28,32,0.88,------4,
1718,573,1,1,4,4,------32,32,1.0,------2,
1721,574,0,0,20,4,------12,12,1.0,------3,
1724,575,0,0,12,4,------0,0,0.0,------1,
1727,576,0,0,0,4,------0,0,0.0,------1,
1730,577,0,1,28,4,------28,32,0.88,------4,
1733,578,0,1,0,4,------28,32,0.88,------4,
1736,579,0,1,0,4,------28,32,0.88,------4,
1739,580,0,1,0,4,------28,32,0.88,------4,
1742,581,0,1,0,4,------28,32,0.88,------4,
1745,582,0,1,0,4,------28,32,0.88,------4,
1748,583,1,1,4,4,------32,32,1.0,------2,
1751,584,1,1,0,4,------32,32,1.0,------2,
1754,585,1,1,0,4,------32,32,1.0,------2,
1757,586,0,0,20,4,------12,12,1.0,------3,
1760,587,0,0,0,4,------12,12,1.0,------3,
1763,588,0,0,0,4,------12,12,1.0,------3,
1766,589,0,1,16,4,------28,32,0.88,------4,
1769,590,1,1,4,4,------32,32,1.0,------2,
1772,591,1,1,0,4,------32,32,1.0,------2,
1775,592,0,0,20,4,------12,12,1.0,------3,
1778,593,0,0,12,4,------0,0,0.0,------1,
1781,594,0,0,0,4,------0,0,0.0,------1,
1784,595,0,1,28,4,------28,32,0.88,------4,
1787,596,0,1,0,4,------28,32,0.88,------4,
1790,597,0,1,0,4,------28,32,0.88,------4,
1793,598,0,1,0,4,------28,32,0.88,------4,
1796,599,0,1,0,4,------28,32,0.88,------4,
1799,600,1,1,4,4,------32,32,1.0,------2,
1802,601,0,0,20,4,------12,12,1.0,------3,
1805,602,0,0,12,4,------0,0,0.0,------1,
1808,603,0,0,0,4,------0,0,0.0,------1,
1811,604,0,1,28,4,------28,32,0.88,------4,
1814,605,0,1,0,4,------28,32,0.88,------4,
1817,606,0,1,0,4,------28,32,0.88,------4,
1820,607,0,1,0,4,------28,32,0.88,------4,
1823,608,0,1,0,4,------28,32,0.88,------4,
1826,609,0,1,0,4,------28,32,0.88,------4,
1829,610,1,1,4,4,------32,32,1.0,------2,
1832,611,1,1,0,4,------32,32,1.0,------2,
1835,612,1,1,0,4,------32,32,1.0,------2,
1838,613,0,0,20,4,------12,12,1.0,------3,
1841,614,0,0,0,4,------12,12,1.0,------3,
1844,615,0,0,0,4,------12,12,1.0,------3,
1847,616,0,1,16,4,------28,32,0.88,------4,
1850,617,1,1,4,4,------32,32,1.0,------2,
1853,618,1,1,0,4,------32,32,1.0,------2,
1856,619,0,0,20,4,------12,12,1.0,------3,
1859,620,0,0,12,4,------0,0,0.0,------1,
1862,621,0,0,0,4,------0,0,0.0,------1,
1865,622,0,1,28,4,------28,32,0.88,------4,
1868,623,0,1,0,4,------28,32,0.88,------4,
1871,624,0,1,0,4,------28,32,0.88,------4,
1874,625,0,1,0,4,------28,32,0.88,------4,
1877,626,0,1,0,4,------28,32,0.88,------4,
1880,627,1,1,4,4,------32,32,1.0,------2,
1883,628,0,0,20,4,------12,12,1.0,------3,
1886,629,0,0,12,4,------0,0,0.0,------1,
1889,630,0,0,0,4,------0,0,0.0,------1,
1892,631,0,1,28,4,------28,32,0.88,------4,
1895,632,0,1,0,4,------28,32,0.88,------4,
1898,633,0,1,0,4,------28,32,0.88,------4,
1901,634,0,1,0,4,------28,32,0.88,------4,
1904,635,0,1,0,4,------28,32,0.88,------4,
1907,636,0,1,0,4,------28,32,0.88,------4,
1910,637,1,1,4,4,------32,32,1.0,------2,
1913,638,1,1,0,4,------32,32,1.0,------2,
1916,639,1,1,0,4,------32,32,1.0,------2,
1919,640,0,0,20,4,------12,12,1.0,------3,
1922,641,0,0,0,4,------12,12,1.0,------3,
1925,642,0,0,0,4,------12,12,1.0,------3,
1928,643,0,1,16,4,------28,32,0.88,------4,
1931,644,1,1,4,4,------32,32,1.0,------2,
1934,645,1,1,0,4,------32,32,1.0,------2,
1937,646,0,0,20,4,------12,12,1.0,------3,
1940,647,0,0,12,4,------0,0,0.0,------1,
1943,648,0,0,0,4,------0,0,0.0,------1,
1946,649,0,1,28,4,------28,32,0.88,------4,
1949,650,0,1,0,4,------28,32,0.88,------4,
1952,651,0,1,0,4,------28,32,0.88,------4,
1955,652,0,1,0,4,------28,32,0.88,------4,
1958,653,0,1,0,4,------28,32,0.88,------4,
1961,654,1,1,4,4,------32,32,1.0,------2,
1964,655,0,0,20,4,------12,12,1.0,------3,
1967,656,0,0,12,4,------0,0,0.0,------1,
1970,657,0,0,0,4,------0,0,0.0,------1,
1973,658,0,1,28,4,------28,32,0.88,------4,
1976,659,0,1,0,4,------28,32,0.88,------4,
1979,660,0,1,0,4,------28,32,0.88,------4,
1982,661,0,1,0,4,------28,32,0.88,------4,
1985,662,0,1,0,4,------28,32,0.88,------4,
1988,663,0,1,0,4,------28,32,0.88,------4,
1991,664,1,1,4,4,------32,32,1.0,------2,
1994,665,1,1,0,4,------32,32,1.0,------2,
1997,666,1,1,0,4,------32,32,1.0,------2,
2000,667,0,0,20,4,------12,12,1.0,------3,
2003,668,0,0,0,4,------12,12,1.0,------3,
2006,669,0,0,0,4,------12,12,1.0,------3,
2009,670,0,1,16,4,------28,32,0.88,------4,
2012,671,1,1,4,4,------32,32,1.0,------2,
2015,672,1,1,0,4,------32,32,1.0,------2,
2018,673,0,0,20,4,------12,12,1.0,------3,
2021,674,0,0,12,4,------0,0,0.0,------1,
2024,675,0,0,0,4,------0,0,0.0,------1,
2027,676,0,1,28,4,------28,32,0.88,------4,
2030,677,0,1,0,4,------28,32,0.88,------4,
2033,678,0,1,0,4,------28,32,0.88,------4,
2036,679,0,1,0,4,------28,32,0.88,------4,
2039,680,0,1,0,4,------28,32,0.88,------4,
2042,681,1,1,4,4,------32,32,1.0,------2,
2045,682,0,0,20,4,------12,12,1.0,------3,
2048,683,0,0,12,4,------0,0,0.0,------1,
2051,684,0,0,0,4,------0,0,0.0,------1,
2054,685,0,1,28,4,------28,32,0.88,------4,
2057,686,0,1,0,4,------28,32,0.88,------4,
2060,687,0,1,0,4,------28,32,0.88,------4,
2063,688,0,1,0,4,------28,32,0.88,------4,
2066,689,0,1,0,4,------28,32,0.88,------4,
2069,690,0,1,0,4,------28,32,0.88,------4,
2072,691,1,1,4,4,------32,32,1.0,------2,
2075,692,1,1,0,4,------32,32,1.0,------2,
2078,693,1,1,0,4,------32,32,1.0,------2,
2081,694,0,0,20,4,------12,12,1.0,------3,
2084,695,0,0,0,4,------12,12,1.0,------3,
2087,696,0,0,0,4,------12,12,1.0,------3,
2090,697,0,1,16,4,------28,32,0.88,------4,
2093,698,1,1,4,4,------32,32,1.0,------2,
2096,699,1,1,0,4,------32,32,1.0,------2,
2099,700,0,0,20,4,------12,12,1.0,------3,
2102,701,0,0,12,4,------0,0,0.0,------1,
2105,702,0,0,0,4,------0,0,0.0,------1,
2108,703,0,1,28,4,------28,32,0.88,------4,
2111,704,0,1,0,4,------28,32,0.88,------4,
2114,705,0,1,0,4,------28,32,0.88,------4,
2117,706,0,1,0,4,------28,32,0.88,------4,
2120,707,0,1,0,4,------28,32,0.88,------4,
2123,708,1,1,4,4,------32,32,1.0,------2,
2126,709,0,0,20,4,------12,12,1.0,------3,
2129,710,0,0,12,4,------0,0,0.0,------1,
2132,711,0,0,0,4,------0,0,0.0,------1,
2135,712,0,1,28,4,------28,32,0.88,------4,
2138,713,0,1,0,4,------28,32,0.88,------4,
2141,714,0,1,0,4,------28,32,0.88,------4,
2144,715,0,1,0,4,------28,32,0.88,------4,
2147,716,0,1,0,4,------28,32,0.88,------4,
2150,717,0,1,0,4,------28,32,0.88,------4,
2153,718,1,1,4,4,------32,32,1.0,------2,
2156,719,1,1,0,4,------32,32,1.0,------2,
2159,720,1,1,0,4,------32,32,1.0,------2,
2162,721,0,0,20,4,------12,12,1.0,------3,
2165,722,0,0,0,4,------12,12,1.0,------3,
2168,723,0,0,0,4,------12,12,1.0,------3,
2171,724,0,1,16,4,------28,32,0.88,------4,
2174,725,1,1,4,4,------32,32,1.0,------2,
2177,726,1,1,0,4,------32,32,1.0,------2,
2180,727,0,0,20,4,------12,12,1.0,------3,
2183,728,0,0,12,4,------0,0,0.0,------1,
2186,729,0,0,0,4,------0,0,0.0,------1,
2189,730,0,1,28,4,------28,32,0.88,------4,
2192,731,0,1,0,4,------28,32,0.88,------4,
2195,732,0,1,0,4,------28,32,0.88,------4,
2198,733,0,1,0,4,------28,32,0.88,------4,
2201,734,0,1,0,4,------28,32,0.88,------4,
2204,735,1,1,4,4,------32,32,1.0,------2,
2207,736,0,0,20,4,------12,12,1.0,------3,
2210,737,0,0,12,4,------0,0,0.0,------1,
2213,738,0,0,0,4,------0,0,0.0,------1,
2216,739,0,1,28,4,------28,32,0.88,------4,
2219,740,0,1,0,4,------28,32,0.88,------4,
2222,741,0,1,0,4,------28,32,0.88,------4,
2225,742,0,1,0,4,------28,32,0.88,------4,
2228,743,0,1,0,4,------28,32,0.88,------4,
2231,744,0,1,0,4,------28,32,0.88,------4,
2234,745,1,1,4,4,------32,32,1.0,------2,
2237,746,1,1,0,4,------32,32,1.0,------2,
2240,747,1,1,0,4,------32,32,1.0,------2,
2243,748,0,0,20,4,------12,12,1.0,------3,
2246,749,0,0,0,4,------12,12,1.0,------3,
2249,750,0,0,0,4,------12,12,1.0,------3,
2252,751,0,1,16,4,------28,32,0.88,------4,
2255,752,1,1,4,4,------32,32,1.0,------2,
2258,753,1,1,0,4,------32,32,1.0,------2,
2261,754,0,0,20,4,------12,12,1.0,------3,
2264,755,0,0,12,4,------0,0,0.0,------1,
2267,756,0,0,0,4,------0,0,0.0,------1,
2270,757,0,1,28,4,------28,32,0.88,------4,
2273,758,0,1,0,4,------28,32,0.88,------4,
2276,759,0,1,0,4,------28,32,0.88,------4,
2279,760,0,1,0,4,------28,32,0.88,------4,
2282,761,0,1,0,4,------28,32,0.88,------4,
2285,762,1,1,4,4,------32,32,1.0,------2,
2288,763,0,0,20,4,------12,12,1.0,------3,
2291,764,0,0,12,4,------0,0,0.0,------1,
2294,765,0,0,0,4,------0,0,0.0,------1,
2297,766,0,1,28,4,------28,32,0.88,------4,
2300,767,0,1,0,4,------28,32,0.88,------4,
2303,768,0,1,0,4,------28,32,0.88,------4,
2306,769,0,1,0,4,------28,32,0.88,------4,
2309,770,0,1,0,4,------28,32,0.88,------4,
2312,771,0,1,0,4,------28,32,0.88,------4,
2315,772,1,1,4,4,------32,32,1.0,------2,
2318,773,1,1,0,4,------32,32,1.0,------2,
2321,774,1,1,0,4,------32,32,1.0,------2,
2324,775,0,0,20,4,------12,12,1.0,------3,
2327,776,0,0,0,4,------12,12,1.0,------3,
2330,777,0,0,0,4,------12,12,1.0,------3,
2333,778,0,1,16,4,------28,32,0.88,------4,
2336,779,1,1,4,4,------32,32,1.0,------2,
2339,780,1,1,0,4,------32,32,1.0,------2,
2342,781,0,0,20,4,------12,12,1.0,------3,
2345,782,0,0,12,4,------0,0,0.0,------1,
2348,783,0,0,0,4,------0,0,0.0,------1,
2351,784,0,1,28,4,------28,32,0.88,------4,
2354,785,0,1,0,4,------28,32,0.88,------4,
2357,786,0,1,0,4,------28,32,0.88,------4,
2360,787,0,1,0,4,------28,32,0.88,------4,
2363,788,0,1,0,4,------28,32,0.88,------4,
2366,789,1,1,4,4,------32,32,1.0,------2,
2369,790,0,0,20,4,------12,12,1.0,------3,
2372,791,0,0,12,4,------0,0,0.0,------1,
2375,792,0,0,0,4,------0,0,0.0,------1,
2378,793,0,1,28,4,------28,32,0.88,------4,
2381,794,0,1,0,4,------28,32,0.88,------4,
2384,795,0,1,0,4,------28,32,0.88,------4,
2387,796,0,1,0,4,------28,32,0.88,------4,
2390,797,0,1,0,4,------28,32,0.88,------4,
2393,798,0,1,0,4,------28,32,0.88,------4,
2396,799,1,1,4,4,------32,32,1.0,------2,
2399,800,1,1,0,4,------32,32,1.0,------2,
2402,801,1,1,0,4,------32,32,1.0,------2,
2405,802,0,0,20,4,------12,12,1.0,------3,
2408,803,0,0,0,4,------12,12,1.0,------3,
2411,804,0,0,0,4,------12,12,1.0,------3,
2414,805,0,1,16,4,------28,32,0.88,------4,
2417,806,1,1,4,4,------32,32,1.0,------2,
2420,807,1,1,0,4,------32,32,1.0,------2,
2423,808,0,0,20,4,------12,12,1.0,------3,
2426,809,0,0,12,4,------0,0,0.0,------1,
2429,810,0,0,0,4,------0,0,0.0,------1,
2432,811,0,1,28,4,------28,32,0.88,------4,
2435,812,0,1,0,4,------28,32,0.88,------4,
2438,813,0,1,0,4,------28,32,0.88,------4,
2441,814,0,1,0,4,------28,32,0.88,------4,
2444,815,0,1,0,4,------28,32,0.88,------4,
2447,816,1,1,4,4,------32,32,1.0,------2,
2450,817,0,0,20,4,------12,12,1.0,------3,
2453,818,0,0,12,4,------0,0,0.0,------1,
2456,819,0,0,0,4,------0,0,0.0,------1,
2459,820,0,1,28,4,------28,32,0.88,------4,
2462,821,0,1,0,4,------28,32,0.88,------4,
2465,822,0,1,0,4,------28,32,0.88,------4,
2468,823,0,1,0,4,------28,32,0.88,------4,
2471,824,0,1,0,4,------28,32,0.88,------4,
2474,825,0,1,0,4,------28,32,0.88,------4,
2477,826,1,1,4,4,------32,32,1.0,------2,
2480,827,1,1,0,4,------32,32,1.0,------2,
2483,828,1,1,0,4,------32,32,1.0,------2,
2486,829,0,0,20,4,------12,12,1.0,------3,
2489,830,0,0,0,4,------12,12,1.0,------3,
2492,831,0,0,0,4,------12,12,1.0,------3,
2495,832,0,1,16,4,------28,32,0.88,------4,
2498,833,1,1,4,4,------32,32,1.0,------2,
2501,834,1,1,0,4,------32,32,1.0,------2,
2504,835,0,0,20,4,------12,12,1.0,------3,
2507,836,0,0,12,4,------0,0,0.0,------1,
2510,837,0,0,0,4,------0,0,0.0,------1,
