L2A0-->Columns Header:, LevelCount, AutomataStep, AggregateState, Goal, StateDifference, DiversityCounter, LiveCellsCount, LiveCellsArea, LiveCellsDensity, StateId
3,1,0,1,0,1,------0,0,0.0,------1,
6,2,0,1,0,1,------0,0,0.0,------1,
9,3,0,1,0,1,------0,0,0.0,------1,
12,4,0,1,0,1,------0,0,0.0,------1,
15,5,0,1,0,1,------0,0,0.0,------1,
18,6,0,1,0,1,------0,0,0.0,------1,
21,7,0,1,0,1,------0,0,0.0,------1,
24,8,0,1,0,1,------0,0,0.0,------1,
27,9,1,1,1,2,------1,0,2.1474836E7,------2,
30,10,1,1,0,2,------1,0,2.1474836E7,------2,
33,11,1,1,0,2,------1,0,2.1474836E7,------2,
36,12,1,1,0,2,------1,0,2.1474836E7,------2,
39,13,1,1,0,2,------1,0,2.1474836E7,------2,
42,14,1,1,0,2,------1,0,2.1474836E7,------2,
45,15,1,1,0,2,------1,0,2.1474836E7,------2,
48,16,1,1,0,2,------1,0,2.1474836E7,------2,
51,17,1,1,0,2,------1,0,2.1474836E7,------2,
54,18,0,1,1,2,------0,0,0.0,------1,
57,19,0,1,0,2,------0,0,0.0,------1,
60,20,0,1,0,2,------0,0,0.0,------1,
63,21,1,1,1,2,------1,0,2.1474836E7,------2,
66,22,1,1,0,2,------1,0,2.1474836E7,------2,
69,23,1,1,0,2,------1,0,2.1474836E7,------2,
72,24,0,1,1,2,------0,0,0.0,------1,
75,25,0,1,0,2,------0,0,0.0,------1,
78,26,0,1,0,2,------0,0,0.0,------1,
81,27,1,1,1,2,------1,0,2.1474836E7,------2,
84,28,1,1,0,2,------1,0,2.1474836E7,------2,
87,29,1,1,0,2,------1,0,2.1474836E7,------2,
90,30,1,1,0,2,------1,0,2.1474836E7,------2,
93,31,1,1,0,2,------1,0,2.1474836E7,------2,
96,32,1,1,0,2,------1,0,2.1474836E7,------2,
99,33,0,1,1,2,------0,0,0.0,------1,
102,34,0,1,0,2,------0,0,0.0,------1,
105,35,0,1,0,2,------0,0,0.0,------1,
108,36,1,1,1,2,------1,0,2.1474836E7,------2,
111,37,1,1,0,2,------1,0,2.1474836E7,------2,
114,38,1,1,0,2,------1,0,2.1474836E7,------2,
117,39,1,1,0,2,------1,0,2.1474836E7,------2,
120,40,1,1,0,2,------1,0,2.1474836E7,------2,
123,41,1,1,0,2,------1,0,2.1474836E7,------2,
126,42,1,1,0,2,------1,0,2.1474836E7,------2,
129,43,1,1,0,2,------1,0,2.1474836E7,------2,
132,44,1,1,0,2,------1,0,2.1474836E7,------2,
135,45,0,1,1,2,------0,0,0.0,------1,
138,46,0,1,0,2,------0,0,0.0,------1,
141,47,0,1,0,2,------0,0,0.0,------1,
144,48,1,1,1,2,------1,0,2.1474836E7,------2,
147,49,1,1,0,2,------1,0,2.1474836E7,------2,
150,50,1,1,0,2,------1,0,2.1474836E7,------2,
153,51,0,1,1,2,------0,0,0.0,------1,
156,52,0,1,0,2,------0,0,0.0,------1,
159,53,0,1,0,2,------0,0,0.0,------1,
162,54,1,1,1,2,------1,0,2.1474836E7,------2,
165,55,1,1,0,2,------1,0,2.1474836E7,------2,
168,56,1,1,0,2,------1,0,2.1474836E7,------2,
171,57,1,1,0,2,------1,0,2.1474836E7,------2,
174,58,1,1,0,2,------1,0,2.1474836E7,------2,
177,59,1,1,0,2,------1,0,2.1474836E7,------2,
180,60,0,1,1,2,------0,0,0.0,------1,
183,61,0,1,0,2,------0,0,0.0,------1,
186,62,0,1,0,2,------0,0,0.0,------1,
189,63,1,1,1,2,------1,0,2.1474836E7,------2,
192,64,1,1,0,2,------1,0,2.1474836E7,------2,
195,65,1,1,0,2,------1,0,2.1474836E7,------2,
198,66,1,1,0,2,------1,0,2.1474836E7,------2,
201,67,1,1,0,2,------1,0,2.1474836E7,------2,
204,68,1,1,0,2,------1,0,2.1474836E7,------2,
207,69,1,1,0,2,------1,0,2.1474836E7,------2,
210,70,1,1,0,2,------1,0,2.1474836E7,------2,
213,71,1,1,0,2,------1,0,2.1474836E7,------2,
216,72,0,1,1,2,------0,0,0.0,------1,
219,73,0,1,0,2,------0,0,0.0,------1,
222,74,0,1,0,2,------0,0,0.0,------1,
225,75,1,1,1,2,------1,0,2.1474836E7,------2,
228,76,1,1,0,2,------1,0,2.1474836E7,------2,
231,77,1,1,0,2,------1,0,2.1474836E7,------2,
234,78,0,1,1,2,------0,0,0.0,------1,
237,79,0,1,0,2,------0,0,0.0,------1,
240,80,0,1,0,2,------0,0,0.0,------1,
243,81,1,1,1,2,------1,0,2.1474836E7,------2,
246,82,1,1,0,2,------1,0,2.1474836E7,------2,
249,83,1,1,0,2,------1,0,2.1474836E7,------2,
252,84,1,1,0,2,------1,0,2.1474836E7,------2,
255,85,1,1,0,2,------1,0,2.1474836E7,------2,
258,86,1,1,0,2,------1,0,2.1474836E7,------2,
261,87,0,1,1,2,------0,0,0.0,------1,
264,88,0,1,0,2,------0,0,0.0,------1,
267,89,0,1,0,2,------0,0,0.0,------1,
270,90,1,1,1,2,------1,0,2.1474836E7,------2,
273,91,1,1,0,2,------1,0,2.1474836E7,------2,
276,92,1,1,0,2,------1,0,2.1474836E7,------2,
279,93,1,1,0,2,------1,0,2.1474836E7,------2,
282,94,1,1,0,2,------1,0,2.1474836E7,------2,
285,95,1,1,0,2,------1,0,2.1474836E7,------2,
288,96,1,1,0,2,------1,0,2.1474836E7,------2,
291,97,1,1,0,2,------1,0,2.1474836E7,------2,
294,98,1,1,0,2,------1,0,2.1474836E7,------2,
297,99,0,1,1,2,------0,0,0.0,------1,
300,100,0,1,0,2,------0,0,0.0,------1,
303,101,0,1,0,2,------0,0,0.0,------1,
306,102,1,1,1,2,------1,0,2.1474836E7,------2,
309,103,1,1,0,2,------1,0,2.1474836E7,------2,
312,104,1,1,0,2,------1,0,2.1474836E7,------2,
315,105,0,1,1,2,------0,0,0.0,------1,
318,106,0,1,0,2,------0,0,0.0,------1,
321,107,0,1,0,2,------0,0,0.0,------1,
324,108,1,1,1,2,------1,0,2.1474836E7,------2,
327,109,1,1,0,2,------1,0,2.1474836E7,------2,
330,110,1,1,0,2,------1,0,2.1474836E7,------2,
333,111,1,1,0,2,------1,0,2.1474836E7,------2,
336,112,1,1,0,2,------1,0,2.1474836E7,------2,
339,113,1,1,0,2,------1,0,2.1474836E7,------2,
342,114,0,1,1,2,------0,0,0.0,------1,
345,115,0,1,0,2,------0,0,0.0,------1,
348,116,0,1,0,2,------0,0,0.0,------1,
351,117,1,1,1,2,------1,0,2.1474836E7,------2,
354,118,1,1,0,2,------1,0,2.1474836E7,------2,
357,119,1,1,0,2,------1,0,2.1474836E7,------2,
360,120,1,1,0,2,------1,0,2.1474836E7,------2,
363,121,1,1,0,2,------1,0,2.1474836E7,------2,
366,122,1,1,0,2,------1,0,2.1474836E7,------2,
369,123,1,1,0,2,------1,0,2.1474836E7,------2,
372,124,1,1,0,2,------1,0,2.1474836E7,------2,
375,125,1,1,0,2,------1,0,2.1474836E7,------2,
378,126,0,1,1,2,------0,0,0.0,------1,
381,127,0,1,0,2,------0,0,0.0,------1,
384,128,0,1,0,2,------0,0,0.0,------1,
387,129,1,1,1,2,------1,0,2.1474836E7,------2,
390,130,1,1,0,2,------1,0,2.1474836E7,------2,
393,131,1,1,0,2,------1,0,2.1474836E7,------2,
396,132,0,1,1,2,------0,0,0.0,------1,
399,133,0,1,0,2,------0,0,0.0,------1,
402,134,0,1,0,2,------0,0,0.0,------1,
405,135,1,1,1,2,------1,0,2.1474836E7,------2,
408,136,1,1,0,2,------1,0,2.1474836E7,------2,
411,137,1,1,0,2,------1,0,2.1474836E7,------2,
414,138,1,1,0,2,------1,0,2.1474836E7,------2,
417,139,1,1,0,2,------1,0,2.1474836E7,------2,
420,140,1,1,0,2,------1,0,2.1474836E7,------2,
423,141,0,1,1,2,------0,0,0.0,------1,
426,142,0,1,0,2,------0,0,0.0,------1,
429,143,0,1,0,2,------0,0,0.0,------1,
432,144,1,1,1,2,------1,0,2.1474836E7,------2,
435,145,1,1,0,2,------1,0,2.1474836E7,------2,
438,146,1,1,0,2,------1,0,2.1474836E7,------2,
441,147,1,1,0,2,------1,0,2.1474836E7,------2,
444,148,1,1,0,2,------1,0,2.1474836E7,------2,
447,149,1,1,0,2,------1,0,2.1474836E7,------2,
450,150,1,1,0,2,------1,0,2.1474836E7,------2,
453,151,1,1,0,2,------1,0,2.1474836E7,------2,
456,152,1,1,0,2,------1,0,2.1474836E7,------2,
459,153,0,1,1,2,------0,0,0.0,------1,
462,154,0,1,0,2,------0,0,0.0,------1,
465,155,0,1,0,2,------0,0,0.0,------1,
468,156,1,1,1,2,------1,0,2.1474836E7,------2,
471,157,1,1,0,2,------1,0,2.1474836E7,------2,
474,158,1,1,0,2,------1,0,2.1474836E7,------2,
477,159,0,1,1,2,------0,0,0.0,------1,
480,160,0,1,0,2,------0,0,0.0,------1,
483,161,0,1,0,2,------0,0,0.0,------1,
486,162,1,1,1,2,------1,0,2.1474836E7,------2,
489,163,1,1,0,2,------1,0,2.1474836E7,------2,
492,164,1,1,0,2,------1,0,2.1474836E7,------2,
495,165,1,1,0,2,------1,0,2.1474836E7,------2,
498,166,1,1,0,2,------1,0,2.1474836E7,------2,
501,167,1,1,0,2,------1,0,2.1474836E7,------2,
504,168,0,1,1,2,------0,0,0.0,------1,
507,169,0,1,0,2,------0,0,0.0,------1,
510,170,0,1,0,2,------0,0,0.0,------1,
513,171,1,1,1,2,------1,0,2.1474836E7,------2,
516,172,1,1,0,2,------1,0,2.1474836E7,------2,
519,173,1,1,0,2,------1,0,2.1474836E7,------2,
522,174,1,1,0,2,------1,0,2.1474836E7,------2,
525,175,1,1,0,2,------1,0,2.1474836E7,------2,
528,176,1,1,0,2,------1,0,2.1474836E7,------2,
531,177,1,1,0,2,------1,0,2.1474836E7,------2,
534,178,1,1,0,2,------1,0,2.1474836E7,------2,
537,179,1,1,0,2,------1,0,2.1474836E7,------2,
540,180,0,1,1,2,------0,0,0.0,------1,
543,181,0,1,0,2,------0,0,0.0,------1,
546,182,0,1,0,2,------0,0,0.0,------1,
549,183,1,1,1,2,------1,0,2.1474836E7,------2,
552,184,1,1,0,2,------1,0,2.1474836E7,------2,
555,185,1,1,0,2,------1,0,2.1474836E7,------2,
558,186,0,1,1,2,------0,0,0.0,------1,
561,187,0,1,0,2,------0,0,0.0,------1,
564,188,0,1,0,2,------0,0,0.0,------1,
567,189,1,1,1,2,------1,0,2.1474836E7,------2,
570,190,1,1,0,2,------1,0,2.1474836E7,------2,
573,191,1,1,0,2,------1,0,2.1474836E7,------2,
576,192,1,1,0,2,------1,0,2.1474836E7,------2,
579,193,1,1,0,2,------1,0,2.1474836E7,------2,
582,194,1,1,0,2,------1,0,2.1474836E7,------2,
585,195,0,1,1,2,------0,0,0.0,------1,
588,196,0,1,0,2,------0,0,0.0,------1,
591,197,0,1,0,2,------0,0,0.0,------1,
594,198,1,1,1,2,------1,0,2.1474836E7,------2,
597,199,1,1,0,2,------1,0,2.1474836E7,------2,
600,200,1,1,0,2,------1,0,2.1474836E7,------2,
603,201,1,1,0,2,------1,0,2.1474836E7,------2,
606,202,1,1,0,2,------1,0,2.1474836E7,------2,
609,203,1,1,0,2,------1,0,2.1474836E7,------2,
612,204,1,1,0,2,------1,0,2.1474836E7,------2,
615,205,1,1,0,2,------1,0,2.1474836E7,------2,
618,206,1,1,0,2,------1,0,2.1474836E7,------2,
621,207,0,1,1,2,------0,0,0.0,------1,
624,208,0,1,0,2,------0,0,0.0,------1,
627,209,0,1,0,2,------0,0,0.0,------1,
630,210,1,1,1,2,------1,0,2.1474836E7,------2,
633,211,1,1,0,2,------1,0,2.1474836E7,------2,
636,212,1,1,0,2,------1,0,2.1474836E7,------2,
639,213,0,1,1,2,------0,0,0.0,------1,
642,214,0,1,0,2,------0,0,0.0,------1,
645,215,0,1,0,2,------0,0,0.0,------1,
648,216,1,1,1,2,------1,0,2.1474836E7,------2,
651,217,1,1,0,2,------1,0,2.1474836E7,------2,
654,218,1,1,0,2,------1,0,2.1474836E7,------2,
657,219,1,1,0,2,------1,0,2.1474836E7,------2,
660,220,1,1,0,2,------1,0,2.1474836E7,------2,
663,221,1,1,0,2,------1,0,2.1474836E7,------2,
666,222,0,1,1,2,------0,0,0.0,------1,
669,223,0,1,0,2,------0,0,0.0,------1,
672,224,0,1,0,2,------0,0,0.0,------1,
675,225,1,1,1,2,------1,0,2.1474836E7,------2,
678,226,1,1,0,2,------1,0,2.1474836E7,------2,
681,227,1,1,0,2,------1,0,2.1474836E7,------2,
684,228,1,1,0,2,------1,0,2.1474836E7,------2,
687,229,1,1,0,2,------1,0,2.1474836E7,------2,
690,230,1,1,0,2,------1,0,2.1474836E7,------2,
693,231,1,1,0,2,------1,0,2.1474836E7,------2,
696,232,1,1,0,2,------1,0,2.1474836E7,------2,
699,233,1,1,0,2,------1,0,2.1474836E7,------2,
702,234,0,1,1,2,------0,0,0.0,------1,
705,235,0,1,0,2,------0,0,0.0,------1,
708,236,0,1,0,2,------0,0,0.0,------1,
711,237,1,1,1,2,------1,0,2.1474836E7,------2,
714,238,1,1,0,2,------1,0,2.1474836E7,------2,
717,239,1,1,0,2,------1,0,2.1474836E7,------2,
720,240,0,1,1,2,------0,0,0.0,------1,
723,241,0,1,0,2,------0,0,0.0,------1,
726,242,0,1,0,2,------0,0,0.0,------1,
729,243,1,1,1,2,------1,0,2.1474836E7,------2,
732,244,1,1,0,2,------1,0,2.1474836E7,------2,
735,245,1,1,0,2,------1,0,2.1474836E7,------2,
738,246,1,1,0,2,------1,0,2.1474836E7,------2,
741,247,1,1,0,2,------1,0,2.1474836E7,------2,
744,248,1,1,0,2,------1,0,2.1474836E7,------2,
747,249,0,1,1,2,------0,0,0.0,------1,
750,250,0,1,0,2,------0,0,0.0,------1,
753,251,0,1,0,2,------0,0,0.0,------1,
756,252,1,1,1,2,------1,0,2.1474836E7,------2,
759,253,1,1,0,2,------1,0,2.1474836E7,------2,
762,254,1,1,0,2,------1,0,2.1474836E7,------2,
765,255,1,1,0,2,------1,0,2.1474836E7,------2,
768,256,1,1,0,2,------1,0,2.1474836E7,------2,
771,257,1,1,0,2,------1,0,2.1474836E7,------2,
774,258,1,1,0,2,------1,0,2.1474836E7,------2,
777,259,1,1,0,2,------1,0,2.1474836E7,------2,
780,260,1,1,0,2,------1,0,2.1474836E7,------2,
783,261,0,1,1,2,------0,0,0.0,------1,
786,262,0,1,0,2,------0,0,0.0,------1,
789,263,0,1,0,2,------0,0,0.0,------1,
792,264,1,1,1,2,------1,0,2.1474836E7,------2,
795,265,1,1,0,2,------1,0,2.1474836E7,------2,
798,266,1,1,0,2,------1,0,2.1474836E7,------2,
801,267,0,1,1,2,------0,0,0.0,------1,
804,268,0,1,0,2,------0,0,0.0,------1,
807,269,0,1,0,2,------0,0,0.0,------1,
810,270,1,1,1,2,------1,0,2.1474836E7,------2,
813,271,1,1,0,2,------1,0,2.1474836E7,------2,
816,272,1,1,0,2,------1,0,2.1474836E7,------2,
819,273,1,1,0,2,------1,0,2.1474836E7,------2,
822,274,1,1,0,2,------1,0,2.1474836E7,------2,
825,275,1,1,0,2,------1,0,2.1474836E7,------2,
828,276,0,1,1,2,------0,0,0.0,------1,
831,277,0,1,0,2,------0,0,0.0,------1,
834,278,0,1,0,2,------0,0,0.0,------1,
837,279,1,1,1,2,------1,0,2.1474836E7,------2,
840,280,1,1,0,2,------1,0,2.1474836E7,------2,
843,281,1,1,0,2,------1,0,2.1474836E7,------2,
846,282,1,1,0,2,------1,0,2.1474836E7,------2,
849,283,1,1,0,2,------1,0,2.1474836E7,------2,
852,284,1,1,0,2,------1,0,2.1474836E7,------2,
855,285,1,1,0,2,------1,0,2.1474836E7,------2,
858,286,1,1,0,2,------1,0,2.1474836E7,------2,
861,287,1,1,0,2,------1,0,2.1474836E7,------2,
864,288,0,1,1,2,------0,0,0.0,------1,
867,289,0,1,0,2,------0,0,0.0,------1,
870,290,0,1,0,2,------0,0,0.0,------1,
873,291,1,1,1,2,------1,0,2.1474836E7,------2,
876,292,1,1,0,2,------1,0,2.1474836E7,------2,
879,293,1,1,0,2,------1,0,2.1474836E7,------2,
882,294,0,1,1,2,------0,0,0.0,------1,
885,295,0,1,0,2,------0,0,0.0,------1,
888,296,0,1,0,2,------0,0,0.0,------1,
891,297,1,1,1,2,------1,0,2.1474836E7,------2,
894,298,1,1,0,2,------1,0,2.1474836E7,------2,
897,299,1,1,0,2,------1,0,2.1474836E7,------2,
900,300,1,1,0,2,------1,0,2.1474836E7,------2,
903,301,1,1,0,2,------1,0,2.1474836E7,------2,
906,302,1,1,0,2,------1,0,2.1474836E7,------2,
909,303,0,1,1,2,------0,0,0.0,------1,
912,304,0,1,0,2,------0,0,0.0,------1,
915,305,0,1,0,2,------0,0,0.0,------1,
918,306,1,1,1,2,------1,0,2.1474836E7,------2,
921,307,1,1,0,2,------1,0,2.1474836E7,------2,
924,308,1,1,0,2,------1,0,2.1474836E7,------2,
927,309,1,1,0,2,------1,0,2.1474836E7,------2,
930,310,1,1,0,2,------1,0,2.1474836E7,------2,
933,311,1,1,0,2,------1,0,2.1474836E7,------2,
936,312,1,1,0,2,------1,0,2.1474836E7,------2,
939,313,1,1,0,2,------1,0,2.1474836E7,------2,
942,314,1,1,0,2,------1,0,2.1474836E7,------2,
945,315,0,1,1,2,------0,0,0.0,------1,
948,316,0,1,0,2,------0,0,0.0,------1,
951,317,0,1,0,2,------0,0,0.0,------1,
954,318,1,1,1,2,------1,0,2.1474836E7,------2,
957,319,1,1,0,2,------1,0,2.1474836E7,------2,
960,320,1,1,0,2,------1,0,2.1474836E7,------2,
963,321,0,1,1,2,------0,0,0.0,------1,
966,322,0,1,0,2,------0,0,0.0,------1,
969,323,0,1,0,2,------0,0,0.0,------1,
972,324,1,1,1,2,------1,0,2.1474836E7,------2,
975,325,1,1,0,2,------1,0,2.1474836E7,------2,
978,326,1,1,0,2,------1,0,2.1474836E7,------2,
981,327,1,1,0,2,------1,0,2.1474836E7,------2,
984,328,1,1,0,2,------1,0,2.1474836E7,------2,
987,329,1,1,0,2,------1,0,2.1474836E7,------2,
990,330,0,1,1,2,------0,0,0.0,------1,
993,331,0,1,0,2,------0,0,0.0,------1,
996,332,0,1,0,2,------0,0,0.0,------1,
999,333,1,1,1,2,------1,0,2.1474836E7,------2,
1002,334,1,1,0,2,------1,0,2.1474836E7,------2,
1005,335,1,1,0,2,------1,0,2.1474836E7,------2,
1008,336,1,1,0,2,------1,0,2.1474836E7,------2,
1011,337,1,1,0,2,------1,0,2.1474836E7,------2,
1014,338,1,1,0,2,------1,0,2.1474836E7,------2,
1017,339,1,1,0,2,------1,0,2.1474836E7,------2,
1020,340,1,1,0,2,------1,0,2.1474836E7,------2,
1023,341,1,1,0,2,------1,0,2.1474836E7,------2,
1026,342,0,1,1,2,------0,0,0.0,------1,
1029,343,0,1,0,2,------0,0,0.0,------1,
1032,344,0,1,0,2,------0,0,0.0,------1,
1035,345,1,1,1,2,------1,0,2.1474836E7,------2,
1038,346,1,1,0,2,------1,0,2.1474836E7,------2,
1041,347,1,1,0,2,------1,0,2.1474836E7,------2,
1044,348,0,1,1,2,------0,0,0.0,------1,
1047,349,0,1,0,2,------0,0,0.0,------1,
1050,350,0,1,0,2,------0,0,0.0,------1,
1053,351,1,1,1,2,------1,0,2.1474836E7,------2,
1056,352,1,1,0,2,------1,0,2.1474836E7,------2,
1059,353,1,1,0,2,------1,0,2.1474836E7,------2,
1062,354,1,1,0,2,------1,0,2.1474836E7,------2,
1065,355,1,1,0,2,------1,0,2.1474836E7,------2,
1068,356,1,1,0,2,------1,0,2.1474836E7,------2,
1071,357,0,1,1,2,------0,0,0.0,------1,
1074,358,0,1,0,2,------0,0,0.0,------1,
1077,359,0,1,0,2,------0,0,0.0,------1,
1080,360,1,1,1,2,------1,0,2.1474836E7,------2,
1083,361,1,1,0,2,------1,0,2.1474836E7,------2,
1086,362,1,1,0,2,------1,0,2.1474836E7,------2,
1089,363,1,1,0,2,------1,0,2.1474836E7,------2,
1092,364,1,1,0,2,------1,0,2.1474836E7,------2,
1095,365,1,1,0,2,------1,0,2.1474836E7,------2,
1098,366,1,1,0,2,------1,0,2.1474836E7,------2,
1101,367,1,1,0,2,------1,0,2.1474836E7,------2,
1104,368,1,1,0,2,------1,0,2.1474836E7,------2,
1107,369,0,1,1,2,------0,0,0.0,------1,
1110,370,0,1,0,2,------0,0,0.0,------1,
1113,371,0,1,0,2,------0,0,0.0,------1,
1116,372,1,1,1,2,------1,0,2.1474836E7,------2,
1119,373,1,1,0,2,------1,0,2.1474836E7,------2,
1122,374,1,1,0,2,------1,0,2.1474836E7,------2,
1125,375,0,1,1,2,------0,0,0.0,------1,
1128,376,0,1,0,2,------0,0,0.0,------1,
1131,377,0,1,0,2,------0,0,0.0,------1,
1134,378,1,1,1,2,------1,0,2.1474836E7,------2,
1137,379,1,1,0,2,------1,0,2.1474836E7,------2,
1140,380,1,1,0,2,------1,0,2.1474836E7,------2,
1143,381,1,1,0,2,------1,0,2.1474836E7,------2,
1146,382,1,1,0,2,------1,0,2.1474836E7,------2,
1149,383,1,1,0,2,------1,0,2.1474836E7,------2,
1152,384,0,1,1,2,------0,0,0.0,------1,
1155,385,0,1,0,2,------0,0,0.0,------1,
1158,386,0,1,0,2,------0,0,0.0,------1,
1161,387,1,1,1,2,------1,0,2.1474836E7,------2,
1164,388,1,1,0,2,------1,0,2.1474836E7,------2,
1167,389,1,1,0,2,------1,0,2.1474836E7,------2,
1170,390,1,1,0,2,------1,0,2.1474836E7,------2,
1173,391,1,1,0,2,------1,0,2.1474836E7,------2,
1176,392,1,1,0,2,------1,0,2.1474836E7,------2,
1179,393,1,1,0,2,------1,0,2.1474836E7,------2,
1182,394,1,1,0,2,------1,0,2.1474836E7,------2,
1185,395,1,1,0,2,------1,0,2.1474836E7,------2,
1188,396,0,1,1,2,------0,0,0.0,------1,
1191,397,0,1,0,2,------0,0,0.0,------1,
1194,398,0,1,0,2,------0,0,0.0,------1,
1197,399,1,1,1,2,------1,0,2.1474836E7,------2,
1200,400,1,1,0,2,------1,0,2.1474836E7,------2,
1203,401,1,1,0,2,------1,0,2.1474836E7,------2,
1206,402,0,1,1,2,------0,0,0.0,------1,
1209,403,0,1,0,2,------0,0,0.0,------1,
1212,404,0,1,0,2,------0,0,0.0,------1,
1215,405,1,1,1,2,------1,0,2.1474836E7,------2,
1218,406,1,1,0,2,------1,0,2.1474836E7,------2,
1221,407,1,1,0,2,------1,0,2.1474836E7,------2,
1224,408,1,1,0,2,------1,0,2.1474836E7,------2,
1227,409,1,1,0,2,------1,0,2.1474836E7,------2,
1230,410,1,1,0,2,------1,0,2.1474836E7,------2,
1233,411,0,1,1,2,------0,0,0.0,------1,
1236,412,0,1,0,2,------0,0,0.0,------1,
1239,413,0,1,0,2,------0,0,0.0,------1,
1242,414,1,1,1,2,------1,0,2.1474836E7,------2,
1245,415,1,1,0,2,------1,0,2.1474836E7,------2,
1248,416,1,1,0,2,------1,0,2.1474836E7,------2,
1251,417,1,1,0,2,------1,0,2.1474836E7,------2,
1254,418,1,1,0,2,------1,0,2.1474836E7,------2,
1257,419,1,1,0,2,------1,0,2.1474836E7,------2,
1260,420,1,1,0,2,------1,0,2.1474836E7,------2,
1263,421,1,1,0,2,------1,0,2.1474836E7,------2,
1266,422,1,1,0,2,------1,0,2.1474836E7,------2,
1269,423,0,1,1,2,------0,0,0.0,------1,
1272,424,0,1,0,2,------0,0,0.0,------1,
1275,425,0,1,0,2,------0,0,0.0,------1,
1278,426,1,1,1,2,------1,0,2.1474836E7,------2,
1281,427,1,1,0,2,------1,0,2.1474836E7,------2,
1284,428,1,1,0,2,------1,0,2.1474836E7,------2,
1287,429,0,1,1,2,------0,0,0.0,------1,
1290,430,0,1,0,2,------0,0,0.0,------1,
1293,431,0,1,0,2,------0,0,0.0,------1,
1296,432,1,1,1,2,------1,0,2.1474836E7,------2,
1299,433,1,1,0,2,------1,0,2.1474836E7,------2,
1302,434,1,1,0,2,------1,0,2.1474836E7,------2,
1305,435,1,1,0,2,------1,0,2.1474836E7,------2,
1308,436,1,1,0,2,------1,0,2.1474836E7,------2,
1311,437,1,1,0,2,------1,0,2.1474836E7,------2,
1314,438,0,1,1,2,------0,0,0.0,------1,
1317,439,0,1,0,2,------0,0,0.0,------1,
1320,440,0,1,0,2,------0,0,0.0,------1,
1323,441,1,1,1,2,------1,0,2.1474836E7,------2,
1326,442,1,1,0,2,------1,0,2.1474836E7,------2,
1329,443,1,1,0,2,------1,0,2.1474836E7,------2,
1332,444,1,1,0,2,------1,0,2.1474836E7,------2,
1335,445,1,1,0,2,------1,0,2.1474836E7,------2,
1338,446,1,1,0,2,------1,0,2.1474836E7,------2,
1341,447,1,1,0,2,------1,0,2.1474836E7,------2,
1344,448,1,1,0,2,------1,0,2.1474836E7,------2,
1347,449,1,1,0,2,------1,0,2.1474836E7,------2,
1350,450,0,1,1,2,------0,0,0.0,------1,
1353,451,0,1,0,2,------0,0,0.0,------1,
1356,452,0,1,0,2,------0,0,0.0,------1,
1359,453,1,1,1,2,------1,0,2.1474836E7,------2,
1362,454,1,1,0,2,------1,0,2.1474836E7,------2,
1365,455,1,1,0,2,------1,0,2.1474836E7,------2,
1368,456,0,1,1,2,------0,0,0.0,------1,
1371,457,0,1,0,2,------0,0,0.0,------1,
1374,458,0,1,0,2,------0,0,0.0,------1,
1377,459,1,1,1,2,------1,0,2.1474836E7,------2,
1380,460,1,1,0,2,------1,0,2.1474836E7,------2,
1383,461,1,1,0,2,------1,0,2.1474836E7,------2,
1386,462,1,1,0,2,------1,0,2.1474836E7,------2,
1389,463,1,1,0,2,------1,0,2.1474836E7,------2,
1392,464,1,1,0,2,------1,0,2.1474836E7,------2,
1395,465,0,1,1,2,------0,0,0.0,------1,
1398,466,0,1,0,2,------0,0,0.0,------1,
1401,467,0,1,0,2,------0,0,0.0,------1,
1404,468,1,1,1,2,------1,0,2.1474836E7,------2,
1407,469,1,1,0,2,------1,0,2.1474836E7,------2,
1410,470,1,1,0,2,------1,0,2.1474836E7,------2,
1413,471,1,1,0,2,------1,0,2.1474836E7,------2,
1416,472,1,1,0,2,------1,0,2.1474836E7,------2,
1419,473,1,1,0,2,------1,0,2.1474836E7,------2,
1422,474,1,1,0,2,------1,0,2.1474836E7,------2,
1425,475,1,1,0,2,------1,0,2.1474836E7,------2,
1428,476,1,1,0,2,------1,0,2.1474836E7,------2,
1431,477,0,1,1,2,------0,0,0.0,------1,
1434,478,0,1,0,2,------0,0,0.0,------1,
1437,479,0,1,0,2,------0,0,0.0,------1,
1440,480,1,1,1,2,------1,0,2.1474836E7,------2,
1443,481,1,1,0,2,------1,0,2.1474836E7,------2,
1446,482,1,1,0,2,------1,0,2.1474836E7,------2,
1449,483,0,1,1,2,------0,0,0.0,------1,
1452,484,0,1,0,2,------0,0,0.0,------1,
1455,485,0,1,0,2,------0,0,0.0,------1,
1458,486,1,1,1,2,------1,0,2.1474836E7,------2,
1461,487,1,1,0,2,------1,0,2.1474836E7,------2,
1464,488,1,1,0,2,------1,0,2.1474836E7,------2,
1467,489,1,1,0,2,------1,0,2.1474836E7,------2,
1470,490,1,1,0,2,------1,0,2.1474836E7,------2,
1473,491,1,1,0,2,------1,0,2.1474836E7,------2,
1476,492,0,1,1,2,------0,0,0.0,------1,
1479,493,0,1,0,2,------0,0,0.0,------1,
1482,494,0,1,0,2,------0,0,0.0,------1,
1485,495,1,1,1,2,------1,0,2.1474836E7,------2,
1488,496,1,1,0,2,------1,0,2.1474836E7,------2,
1491,497,1,1,0,2,------1,0,2.1474836E7,------2,
1494,498,1,1,0,2,------1,0,2.1474836E7,------2,
1497,499,1,1,0,2,------1,0,2.1474836E7,------2,
1500,500,1,1,0,2,------1,0,2.1474836E7,------2,
1503,501,1,1,0,2,------1,0,2.1474836E7,------2,
1506,502,1,1,0,2,------1,0,2.1474836E7,------2,
1509,503,1,1,0,2,------1,0,2.1474836E7,------2,
1512,504,0,1,1,2,------0,0,0.0,------1,
1515,505,0,1,0,2,------0,0,0.0,------1,
1518,506,0,1,0,2,------0,0,0.0,------1,
1521,507,1,1,1,2,------1,0,2.1474836E7,------2,
1524,508,1,1,0,2,------1,0,2.1474836E7,------2,
1527,509,1,1,0,2,------1,0,2.1474836E7,------2,
1530,510,0,1,1,2,------0,0,0.0,------1,
1533,511,0,1,0,2,------0,0,0.0,------1,
1536,512,0,1,0,2,------0,0,0.0,------1,
1539,513,1,1,1,2,------1,0,2.1474836E7,------2,
1542,514,1,1,0,2,------1,0,2.1474836E7,------2,
1545,515,1,1,0,2,------1,0,2.1474836E7,------2,
1548,516,1,1,0,2,------1,0,2.1474836E7,------2,
1551,517,1,1,0,2,------1,0,2.1474836E7,------2,
1554,518,1,1,0,2,------1,0,2.1474836E7,------2,
1557,519,0,1,1,2,------0,0,0.0,------1,
1560,520,0,1,0,2,------0,0,0.0,------1,
1563,521,0,1,0,2,------0,0,0.0,------1,
1566,522,1,1,1,2,------1,0,2.1474836E7,------2,
1569,523,1,1,0,2,------1,0,2.1474836E7,------2,
1572,524,1,1,0,2,------1,0,2.1474836E7,------2,
1575,525,1,1,0,2,------1,0,2.1474836E7,------2,
1578,526,1,1,0,2,------1,0,2.1474836E7,------2,
1581,527,1,1,0,2,------1,0,2.1474836E7,------2,
1584,528,1,1,0,2,------1,0,2.1474836E7,------2,
1587,529,1,1,0,2,------1,0,2.1474836E7,------2,
1590,530,1,1,0,2,------1,0,2.1474836E7,------2,
1593,531,0,1,1,2,------0,0,0.0,------1,
1596,532,0,1,0,2,------0,0,0.0,------1,
1599,533,0,1,0,2,------0,0,0.0,------1,
1602,534,1,1,1,2,------1,0,2.1474836E7,------2,
1605,535,1,1,0,2,------1,0,2.1474836E7,------2,
1608,536,1,1,0,2,------1,0,2.1474836E7,------2,
1611,537,0,1,1,2,------0,0,0.0,------1,
1614,538,0,1,0,2,------0,0,0.0,------1,
1617,539,0,1,0,2,------0,0,0.0,------1,
1620,540,1,1,1,2,------1,0,2.1474836E7,------2,
1623,541,1,1,0,2,------1,0,2.1474836E7,------2,
1626,542,1,1,0,2,------1,0,2.1474836E7,------2,
1629,543,1,1,0,2,------1,0,2.1474836E7,------2,
1632,544,1,1,0,2,------1,0,2.1474836E7,------2,
1635,545,1,1,0,2,------1,0,2.1474836E7,------2,
1638,546,0,1,1,2,------0,0,0.0,------1,
1641,547,0,1,0,2,------0,0,0.0,------1,
1644,548,0,1,0,2,------0,0,0.0,------1,
1647,549,1,1,1,2,------1,0,2.1474836E7,------2,
1650,550,1,1,0,2,------1,0,2.1474836E7,------2,
1653,551,1,1,0,2,------1,0,2.1474836E7,------2,
1656,552,1,1,0,2,------1,0,2.1474836E7,------2,
1659,553,1,1,0,2,------1,0,2.1474836E7,------2,
1662,554,1,1,0,2,------1,0,2.1474836E7,------2,
1665,555,1,1,0,2,------1,0,2.1474836E7,------2,
1668,556,1,1,0,2,------1,0,2.1474836E7,------2,
1671,557,1,1,0,2,------1,0,2.1474836E7,------2,
1674,558,0,1,1,2,------0,0,0.0,------1,
1677,559,0,1,0,2,------0,0,0.0,------1,
1680,560,0,1,0,2,------0,0,0.0,------1,
1683,561,1,1,1,2,------1,0,2.1474836E7,------2,
1686,562,1,1,0,2,------1,0,2.1474836E7,------2,
1689,563,1,1,0,2,------1,0,2.1474836E7,------2,
1692,564,0,1,1,2,------0,0,0.0,------1,
1695,565,0,1,0,2,------0,0,0.0,------1,
1698,566,0,1,0,2,------0,0,0.0,------1,
1701,567,1,1,1,2,------1,0,2.1474836E7,------2,
1704,568,1,1,0,2,------1,0,2.1474836E7,------2,
1707,569,1,1,0,2,------1,0,2.1474836E7,------2,
1710,570,1,1,0,2,------1,0,2.1474836E7,------2,
1713,571,1,1,0,2,------1,0,2.1474836E7,------2,
1716,572,1,1,0,2,------1,0,2.1474836E7,------2,
1719,573,0,1,1,2,------0,0,0.0,------1,
1722,574,0,1,0,2,------0,0,0.0,------1,
1725,575,0,1,0,2,------0,0,0.0,------1,
1728,576,1,1,1,2,------1,0,2.1474836E7,------2,
1731,577,1,1,0,2,------1,0,2.1474836E7,------2,
1734,578,1,1,0,2,------1,0,2.1474836E7,------2,
1737,579,1,1,0,2,------1,0,2.1474836E7,------2,
1740,580,1,1,0,2,------1,0,2.1474836E7,------2,
1743,581,1,1,0,2,------1,0,2.1474836E7,------2,
1746,582,1,1,0,2,------1,0,2.1474836E7,------2,
1749,583,1,1,0,2,------1,0,2.1474836E7,------2,
1752,584,1,1,0,2,------1,0,2.1474836E7,------2,
1755,585,0,1,1,2,------0,0,0.0,------1,
1758,586,0,1,0,2,------0,0,0.0,------1,
1761,587,0,1,0,2,------0,0,0.0,------1,
1764,588,1,1,1,2,------1,0,2.1474836E7,------2,
1767,589,1,1,0,2,------1,0,2.1474836E7,------2,
1770,590,1,1,0,2,------1,0,2.1474836E7,------2,
1773,591,0,1,1,2,------0,0,0.0,------1,
1776,592,0,1,0,2,------0,0,0.0,------1,
1779,593,0,1,0,2,------0,0,0.0,------1,
1782,594,1,1,1,2,------1,0,2.1474836E7,------2,
1785,595,1,1,0,2,------1,0,2.1474836E7,------2,
1788,596,1,1,0,2,------1,0,2.1474836E7,------2,
1791,597,1,1,0,2,------1,0,2.1474836E7,------2,
1794,598,1,1,0,2,------1,0,2.1474836E7,------2,
1797,599,1,1,0,2,------1,0,2.1474836E7,------2,
1800,600,0,1,1,2,------0,0,0.0,------1,
1803,601,0,1,0,2,------0,0,0.0,------1,
1806,602,0,1,0,2,------0,0,0.0,------1,
1809,603,1,1,1,2,------1,0,2.1474836E7,------2,
1812,604,1,1,0,2,------1,0,2.1474836E7,------2,
1815,605,1,1,0,2,------1,0,2.1474836E7,------2,
1818,606,1,1,0,2,------1,0,2.1474836E7,------2,
1821,607,1,1,0,2,------1,0,2.1474836E7,------2,
1824,608,1,1,0,2,------1,0,2.1474836E7,------2,
1827,609,1,1,0,2,------1,0,2.1474836E7,------2,
1830,610,1,1,0,2,------1,0,2.1474836E7,------2,
1833,611,1,1,0,2,------1,0,2.1474836E7,------2,
1836,612,0,1,1,2,------0,0,0.0,------1,
1839,613,0,1,0,2,------0,0,0.0,------1,
1842,614,0,1,0,2,------0,0,0.0,------1,
1845,615,1,1,1,2,------1,0,2.1474836E7,------2,
1848,616,1,1,0,2,------1,0,2.1474836E7,------2,
1851,617,1,1,0,2,------1,0,2.1474836E7,------2,
1854,618,0,1,1,2,------0,0,0.0,------1,
1857,619,0,1,0,2,------0,0,0.0,------1,
1860,620,0,1,0,2,------0,0,0.0,------1,
1863,621,1,1,1,2,------1,0,2.1474836E7,------2,
1866,622,1,1,0,2,------1,0,2.1474836E7,------2,
1869,623,1,1,0,2,------1,0,2.1474836E7,------2,
1872,624,1,1,0,2,------1,0,2.1474836E7,------2,
1875,625,1,1,0,2,------1,0,2.1474836E7,------2,
1878,626,1,1,0,2,------1,0,2.1474836E7,------2,
1881,627,0,1,1,2,------0,0,0.0,------1,
1884,628,0,1,0,2,------0,0,0.0,------1,
1887,629,0,1,0,2,------0,0,0.0,------1,
1890,630,1,1,1,2,------1,0,2.1474836E7,------2,
1893,631,1,1,0,2,------1,0,2.1474836E7,------2,
1896,632,1,1,0,2,------1,0,2.1474836E7,------2,
1899,633,1,1,0,2,------1,0,2.1474836E7,------2,
1902,634,1,1,0,2,------1,0,2.1474836E7,------2,
1905,635,1,1,0,2,------1,0,2.1474836E7,------2,
1908,636,1,1,0,2,------1,0,2.1474836E7,------2,
1911,637,1,1,0,2,------1,0,2.1474836E7,------2,
1914,638,1,1,0,2,------1,0,2.1474836E7,------2,
1917,639,0,1,1,2,------0,0,0.0,------1,
1920,640,0,1,0,2,------0,0,0.0,------1,
1923,641,0,1,0,2,------0,0,0.0,------1,
1926,642,1,1,1,2,------1,0,2.1474836E7,------2,
1929,643,1,1,0,2,------1,0,2.1474836E7,------2,
1932,644,1,1,0,2,------1,0,2.1474836E7,------2,
1935,645,0,1,1,2,------0,0,0.0,------1,
1938,646,0,1,0,2,------0,0,0.0,------1,
1941,647,0,1,0,2,------0,0,0.0,------1,
1944,648,1,1,1,2,------1,0,2.1474836E7,------2,
1947,649,1,1,0,2,------1,0,2.1474836E7,------2,
1950,650,1,1,0,2,------1,0,2.1474836E7,------2,
1953,651,1,1,0,2,------1,0,2.1474836E7,------2,
1956,652,1,1,0,2,------1,0,2.1474836E7,------2,
1959,653,1,1,0,2,------1,0,2.1474836E7,------2,
1962,654,0,1,1,2,------0,0,0.0,------1,
1965,655,0,1,0,2,------0,0,0.0,------1,
1968,656,0,1,0,2,------0,0,0.0,------1,
1971,657,1,1,1,2,------1,0,2.1474836E7,------2,
1974,658,1,1,0,2,------1,0,2.1474836E7,------2,
1977,659,1,1,0,2,------1,0,2.1474836E7,------2,
1980,660,1,1,0,2,------1,0,2.1474836E7,------2,
1983,661,1,1,0,2,------1,0,2.1474836E7,------2,
1986,662,1,1,0,2,------1,0,2.1474836E7,------2,
1989,663,1,1,0,2,------1,0,2.1474836E7,------2,
1992,664,1,1,0,2,------1,0,2.1474836E7,------2,
1995,665,1,1,0,2,------1,0,2.1474836E7,------2,
1998,666,0,1,1,2,------0,0,0.0,------1,
2001,667,0,1,0,2,------0,0,0.0,------1,
2004,668,0,1,0,2,------0,0,0.0,------1,
2007,669,1,1,1,2,------1,0,2.1474836E7,------2,
2010,670,1,1,0,2,------1,0,2.1474836E7,------2,
2013,671,1,1,0,2,------1,0,2.1474836E7,------2,
2016,672,0,1,1,2,------0,0,0.0,------1,
2019,673,0,1,0,2,------0,0,0.0,------1,
2022,674,0,1,0,2,------0,0,0.0,------1,
2025,675,1,1,1,2,------1,0,2.1474836E7,------2,
2028,676,1,1,0,2,------1,0,2.1474836E7,------2,
2031,677,1,1,0,2,------1,0,2.1474836E7,------2,
2034,678,1,1,0,2,------1,0,2.1474836E7,------2,
2037,679,1,1,0,2,------1,0,2.1474836E7,------2,
2040,680,1,1,0,2,------1,0,2.1474836E7,------2,
2043,681,0,1,1,2,------0,0,0.0,------1,
2046,682,0,1,0,2,------0,0,0.0,------1,
2049,683,0,1,0,2,------0,0,0.0,------1,
2052,684,1,1,1,2,------1,0,2.1474836E7,------2,
2055,685,1,1,0,2,------1,0,2.1474836E7,------2,
2058,686,1,1,0,2,------1,0,2.1474836E7,------2,
2061,687,1,1,0,2,------1,0,2.1474836E7,------2,
2064,688,1,1,0,2,------1,0,2.1474836E7,------2,
2067,689,1,1,0,2,------1,0,2.1474836E7,------2,
2070,690,1,1,0,2,------1,0,2.1474836E7,------2,
2073,691,1,1,0,2,------1,0,2.1474836E7,------2,
2076,692,1,1,0,2,------1,0,2.1474836E7,------2,
2079,693,0,1,1,2,------0,0,0.0,------1,
2082,694,0,1,0,2,------0,0,0.0,------1,
2085,695,0,1,0,2,------0,0,0.0,------1,
2088,696,1,1,1,2,------1,0,2.1474836E7,------2,
2091,697,1,1,0,2,------1,0,2.1474836E7,------2,
2094,698,1,1,0,2,------1,0,2.1474836E7,------2,
2097,699,0,1,1,2,------0,0,0.0,------1,
2100,700,0,1,0,2,------0,0,0.0,------1,
2103,701,0,1,0,2,------0,0,0.0,------1,
2106,702,1,1,1,2,------1,0,2.1474836E7,------2,
2109,703,1,1,0,2,------1,0,2.1474836E7,------2,
2112,704,1,1,0,2,------1,0,2.1474836E7,------2,
2115,705,1,1,0,2,------1,0,2.1474836E7,------2,
2118,706,1,1,0,2,------1,0,2.1474836E7,------2,
2121,707,1,1,0,2,------1,0,2.1474836E7,------2,
2124,708,0,1,1,2,------0,0,0.0,------1,
2127,709,0,1,0,2,------0,0,0.0,------1,
2130,710,0,1,0,2,------0,0,0.0,------1,
2133,711,1,1,1,2,------1,0,2.1474836E7,------2,
2136,712,1,1,0,2,------1,0,2.1474836E7,------2,
2139,713,1,1,0,2,------1,0,2.1474836E7,------2,
2142,714,1,1,0,2,------1,0,2.1474836E7,------2,
2145,715,1,1,0,2,------1,0,2.1474836E7,------2,
2148,716,1,1,0,2,------1,0,2.1474836E7,------2,
2151,717,1,1,0,2,------1,0,2.1474836E7,------2,
2154,718,1,1,0,2,------1,0,2.1474836E7,------2,
2157,719,1,1,0,2,------1,0,2.1474836E7,------2,
2160,720,0,1,1,2,------0,0,0.0,------1,
2163,721,0,1,0,2,------0,0,0.0,------1,
2166,722,0,1,0,2,------0,0,0.0,------1,
2169,723,1,1,1,2,------1,0,2.1474836E7,------2,
2172,724,1,1,0,2,------1,0,2.1474836E7,------2,
2175,725,1,1,0,2,------1,0,2.1474836E7,------2,
2178,726,0,1,1,2,------0,0,0.0,------1,
2181,727,0,1,0,2,------0,0,0.0,------1,
2184,728,0,1,0,2,------0,0,0.0,------1,
2187,729,1,1,1,2,------1,0,2.1474836E7,------2,
2190,730,1,1,0,2,------1,0,2.1474836E7,------2,
2193,731,1,1,0,2,------1,0,2.1474836E7,------2,
2196,732,1,1,0,2,------1,0,2.1474836E7,------2,
2199,733,1,1,0,2,------1,0,2.1474836E7,------2,
2202,734,1,1,0,2,------1,0,2.1474836E7,------2,
2205,735,0,1,1,2,------0,0,0.0,------1,
2208,736,0,1,0,2,------0,0,0.0,------1,
2211,737,0,1,0,2,------0,0,0.0,------1,
2214,738,1,1,1,2,------1,0,2.1474836E7,------2,
2217,739,1,1,0,2,------1,0,2.1474836E7,------2,
2220,740,1,1,0,2,------1,0,2.1474836E7,------2,
2223,741,1,1,0,2,------1,0,2.1474836E7,------2,
2226,742,1,1,0,2,------1,0,2.1474836E7,------2,
2229,743,1,1,0,2,------1,0,2.1474836E7,------2,
2232,744,1,1,0,2,------1,0,2.1474836E7,------2,
2235,745,1,1,0,2,------1,0,2.1474836E7,------2,
2238,746,1,1,0,2,------1,0,2.1474836E7,------2,
2241,747,0,1,1,2,------0,0,0.0,------1,
2244,748,0,1,0,2,------0,0,0.0,------1,
2247,749,0,1,0,2,------0,0,0.0,------1,
2250,750,1,1,1,2,------1,0,2.1474836E7,------2,
2253,751,1,1,0,2,------1,0,2.1474836E7,------2,
2256,752,1,1,0,2,------1,0,2.1474836E7,------2,
2259,753,0,1,1,2,------0,0,0.0,------1,
2262,754,0,1,0,2,------0,0,0.0,------1,
2265,755,0,1,0,2,------0,0,0.0,------1,
2268,756,1,1,1,2,------1,0,2.1474836E7,------2,
2271,757,1,1,0,2,------1,0,2.1474836E7,------2,
2274,758,1,1,0,2,------1,0,2.1474836E7,------2,
2277,759,1,1,0,2,------1,0,2.1474836E7,------2,
2280,760,1,1,0,2,------1,0,2.1474836E7,------2,
2283,761,1,1,0,2,------1,0,2.1474836E7,------2,
2286,762,0,1,1,2,------0,0,0.0,------1,
2289,763,0,1,0,2,------0,0,0.0,------1,
2292,764,0,1,0,2,------0,0,0.0,------1,
2295,765,1,1,1,2,------1,0,2.1474836E7,------2,
2298,766,1,1,0,2,------1,0,2.1474836E7,------2,
2301,767,1,1,0,2,------1,0,2.1474836E7,------2,
2304,768,1,1,0,2,------1,0,2.1474836E7,------2,
2307,769,1,1,0,2,------1,0,2.1474836E7,------2,
2310,770,1,1,0,2,------1,0,2.1474836E7,------2,
2313,771,1,1,0,2,------1,0,2.1474836E7,------2,
2316,772,1,1,0,2,------1,0,2.1474836E7,------2,
2319,773,1,1,0,2,------1,0,2.1474836E7,------2,
2322,774,0,1,1,2,------0,0,0.0,------1,
2325,775,0,1,0,2,------0,0,0.0,------1,
2328,776,0,1,0,2,------0,0,0.0,------1,
2331,777,1,1,1,2,------1,0,2.1474836E7,------2,
2334,778,1,1,0,2,------1,0,2.1474836E7,------2,
2337,779,1,1,0,2,------1,0,2.1474836E7,------2,
2340,780,0,1,1,2,------0,0,0.0,------1,
2343,781,0,1,0,2,------0,0,0.0,------1,
2346,782,0,1,0,2,------0,0,0.0,------1,
2349,783,1,1,1,2,------1,0,2.1474836E7,------2,
2352,784,1,1,0,2,------1,0,2.1474836E7,------2,
2355,785,1,1,0,2,------1,0,2.1474836E7,------2,
2358,786,1,1,0,2,------1,0,2.1474836E7,------2,
2361,787,1,1,0,2,------1,0,2.1474836E7,------2,
2364,788,1,1,0,2,------1,0,2.1474836E7,------2,
2367,789,0,1,1,2,------0,0,0.0,------1,
2370,790,0,1,0,2,------0,0,0.0,------1,
2373,791,0,1,0,2,------0,0,0.0,------1,
2376,792,1,1,1,2,------1,0,2.1474836E7,------2,
2379,793,1,1,0,2,------1,0,2.1474836E7,------2,
2382,794,1,1,0,2,------1,0,2.1474836E7,------2,
2385,795,1,1,0,2,------1,0,2.1474836E7,------2,
2388,796,1,1,0,2,------1,0,2.1474836E7,------2,
2391,797,1,1,0,2,------1,0,2.1474836E7,------2,
2394,798,1,1,0,2,------1,0,2.1474836E7,------2,
2397,799,1,1,0,2,------1,0,2.1474836E7,------2,
2400,800,1,1,0,2,------1,0,2.1474836E7,------2,
2403,801,0,1,1,2,------0,0,0.0,------1,
2406,802,0,1,0,2,------0,0,0.0,------1,
2409,803,0,1,0,2,------0,0,0.0,------1,
2412,804,1,1,1,2,------1,0,2.1474836E7,------2,
2415,805,1,1,0,2,------1,0,2.1474836E7,------2,
2418,806,1,1,0,2,------1,0,2.1474836E7,------2,
2421,807,0,1,1,2,------0,0,0.0,------1,
2424,808,0,1,0,2,------0,0,0.0,------1,
2427,809,0,1,0,2,------0,0,0.0,------1,
2430,810,1,1,1,2,------1,0,2.1474836E7,------2,
2433,811,1,1,0,2,------1,0,2.1474836E7,------2,
2436,812,1,1,0,2,------1,0,2.1474836E7,------2,
2439,813,1,1,0,2,------1,0,2.1474836E7,------2,
2442,814,1,1,0,2,------1,0,2.1474836E7,------2,
2445,815,1,1,0,2,------1,0,2.1474836E7,------2,
2448,816,0,1,1,2,------0,0,0.0,------1,
2451,817,0,1,0,2,------0,0,0.0,------1,
2454,818,0,1,0,2,------0,0,0.0,------1,
2457,819,1,1,1,2,------1,0,2.1474836E7,------2,
2460,820,1,1,0,2,------1,0,2.1474836E7,------2,
2463,821,1,1,0,2,------1,0,2.1474836E7,------2,
2466,822,1,1,0,2,------1,0,2.1474836E7,------2,
2469,823,1,1,0,2,------1,0,2.1474836E7,------2,
2472,824,1,1,0,2,------1,0,2.1474836E7,------2,
2475,825,1,1,0,2,------1,0,2.1474836E7,------2,
2478,826,1,1,0,2,------1,0,2.1474836E7,------2,
2481,827,1,1,0,2,------1,0,2.1474836E7,------2,
2484,828,0,1,1,2,------0,0,0.0,------1,
2487,829,0,1,0,2,------0,0,0.0,------1,
2490,830,0,1,0,2,------0,0,0.0,------1,
2493,831,1,1,1,2,------1,0,2.1474836E7,------2,
2496,832,1,1,0,2,------1,0,2.1474836E7,------2,
2499,833,1,1,0,2,------1,0,2.1474836E7,------2,
2502,834,0,1,1,2,------0,0,0.0,------1,
2505,835,0,1,0,2,------0,0,0.0,------1,
2508,836,0,1,0,2,------0,0,0.0,------1,
