L0 --> Columns Header: , levelDiversityCount,
1,
2,
3,
4,
5,
6,
7,
9,
11,
14,
17,
19,
21,
22,
23,
24,
24,
24,
24,
24,
24,
24,
24,
24,
24,
24,
24,
24,
24,
24,
24,
24,
24,
24,
24,
24,
24,
24,
24,
24,
24,
24,
24,
24,
24,
24,
24,
24,
24,
24,
24,
24,
24,
24,
24,
24,
24,
24,
24,
24,
24,
24,
24,
24,
24,
24,
24,
24,
24,
24,
24,
24,
24,
24,
24,
24,
24,
24,
24,
24,
24,
24,
24,
24,
24,
24,
24,
24,
24,
24,
24,
24,
24,
24,
24,
24,
24,
24,
24,
24,
24,
24,
24,
24,
24,
24,
24,
24,
24,
24,
24,
24,
24,
24,
24,
24,
24,
24,
24,
24,
24,
24,
24,
24,
24,
24,
24,
24,
24,
24,
24,
24,
24,
24,
24,
24,
24,
24,
24,
24,
24,
24,
24,
24,
24,
24,
24,
24,
24,
24,
24,
24,
24,
24,
24,
24,
24,
24,
24,
24,
24,
24,
24,
24,
24,
24,
24,
24,
24,
