L2A0-->Columns Header:, LevelCount, AutomataStep, AggregateState, Goal, StateDifference, DiversityCounter, LiveCellsCount, LiveCellsArea, LiveCellsDensity, StateId
3,1,0,1,0,1,------0,0,0.0,------1,
6,2,0,1,0,1,------0,0,0.0,------1,
9,3,0,1,0,1,------0,0,0.0,------1,
12,4,0,1,0,1,------0,0,0.0,------1,
15,5,0,1,0,1,------0,0,0.0,------1,
18,6,0,1,0,1,------0,0,0.0,------1,
21,7,1,1,1,2,------1,0,2.1474836E7,------2,
24,8,0,1,1,2,------0,0,0.0,------1,
27,9,1,1,1,2,------1,0,2.1474836E7,------2,
30,10,0,1,1,2,------0,0,0.0,------1,
33,11,1,1,1,2,------1,0,2.1474836E7,------2,
36,12,0,1,1,2,------0,0,0.0,------1,
39,13,1,1,1,2,------1,0,2.1474836E7,------2,
42,14,0,1,1,2,------0,0,0.0,------1,
45,15,1,1,1,2,------1,0,2.1474836E7,------2,
48,16,0,1,1,2,------0,0,0.0,------1,
51,17,1,1,1,2,------1,0,2.1474836E7,------2,
54,18,0,1,1,2,------0,0,0.0,------1,
57,19,1,1,1,2,------1,0,2.1474836E7,------2,
60,20,0,1,1,2,------0,0,0.0,------1,
63,21,1,1,1,2,------1,0,2.1474836E7,------2,
66,22,0,1,1,2,------0,0,0.0,------1,
69,23,1,1,1,2,------1,0,2.1474836E7,------2,
72,24,0,1,1,2,------0,0,0.0,------1,
75,25,1,1,1,2,------1,0,2.1474836E7,------2,
78,26,0,1,1,2,------0,0,0.0,------1,
81,27,1,1,1,2,------1,0,2.1474836E7,------2,
84,28,0,1,1,2,------0,0,0.0,------1,
87,29,1,1,1,2,------1,0,2.1474836E7,------2,
90,30,0,1,1,2,------0,0,0.0,------1,
93,31,1,1,1,2,------1,0,2.1474836E7,------2,
96,32,0,1,1,2,------0,0,0.0,------1,
99,33,1,1,1,2,------1,0,2.1474836E7,------2,
102,34,0,1,1,2,------0,0,0.0,------1,
105,35,1,1,1,2,------1,0,2.1474836E7,------2,
108,36,0,1,1,2,------0,0,0.0,------1,
111,37,1,1,1,2,------1,0,2.1474836E7,------2,
114,38,0,1,1,2,------0,0,0.0,------1,
117,39,1,1,1,2,------1,0,2.1474836E7,------2,
120,40,0,1,1,2,------0,0,0.0,------1,
123,41,1,1,1,2,------1,0,2.1474836E7,------2,
126,42,0,1,1,2,------0,0,0.0,------1,
129,43,1,1,1,2,------1,0,2.1474836E7,------2,
132,44,0,1,1,2,------0,0,0.0,------1,
135,45,1,1,1,2,------1,0,2.1474836E7,------2,
138,46,0,1,1,2,------0,0,0.0,------1,
141,47,1,1,1,2,------1,0,2.1474836E7,------2,
144,48,0,1,1,2,------0,0,0.0,------1,
147,49,1,1,1,2,------1,0,2.1474836E7,------2,
150,50,0,1,1,2,------0,0,0.0,------1,
153,51,1,1,1,2,------1,0,2.1474836E7,------2,
156,52,0,1,1,2,------0,0,0.0,------1,
159,53,1,1,1,2,------1,0,2.1474836E7,------2,
162,54,0,1,1,2,------0,0,0.0,------1,
165,55,1,1,1,2,------1,0,2.1474836E7,------2,
168,56,0,1,1,2,------0,0,0.0,------1,
171,57,1,1,1,2,------1,0,2.1474836E7,------2,
174,58,0,1,1,2,------0,0,0.0,------1,
177,59,1,1,1,2,------1,0,2.1474836E7,------2,
180,60,0,1,1,2,------0,0,0.0,------1,
183,61,1,1,1,2,------1,0,2.1474836E7,------2,
186,62,0,1,1,2,------0,0,0.0,------1,
189,63,1,1,1,2,------1,0,2.1474836E7,------2,
192,64,0,1,1,2,------0,0,0.0,------1,
195,65,1,1,1,2,------1,0,2.1474836E7,------2,
198,66,0,1,1,2,------0,0,0.0,------1,
201,67,1,1,1,2,------1,0,2.1474836E7,------2,
204,68,0,1,1,2,------0,0,0.0,------1,
207,69,1,1,1,2,------1,0,2.1474836E7,------2,
210,70,0,1,1,2,------0,0,0.0,------1,
213,71,1,1,1,2,------1,0,2.1474836E7,------2,
216,72,0,1,1,2,------0,0,0.0,------1,
219,73,1,1,1,2,------1,0,2.1474836E7,------2,
222,74,0,1,1,2,------0,0,0.0,------1,
225,75,1,1,1,2,------1,0,2.1474836E7,------2,
228,76,0,1,1,2,------0,0,0.0,------1,
231,77,1,1,1,2,------1,0,2.1474836E7,------2,
234,78,0,1,1,2,------0,0,0.0,------1,
237,79,1,1,1,2,------1,0,2.1474836E7,------2,
240,80,0,1,1,2,------0,0,0.0,------1,
243,81,1,1,1,2,------1,0,2.1474836E7,------2,
246,82,0,1,1,2,------0,0,0.0,------1,
249,83,1,1,1,2,------1,0,2.1474836E7,------2,
252,84,0,1,1,2,------0,0,0.0,------1,
255,85,1,1,1,2,------1,0,2.1474836E7,------2,
258,86,0,1,1,2,------0,0,0.0,------1,
261,87,1,1,1,2,------1,0,2.1474836E7,------2,
264,88,0,1,1,2,------0,0,0.0,------1,
267,89,1,1,1,2,------1,0,2.1474836E7,------2,
270,90,0,1,1,2,------0,0,0.0,------1,
273,91,1,1,1,2,------1,0,2.1474836E7,------2,
276,92,0,1,1,2,------0,0,0.0,------1,
279,93,1,1,1,2,------1,0,2.1474836E7,------2,
282,94,0,1,1,2,------0,0,0.0,------1,
285,95,1,1,1,2,------1,0,2.1474836E7,------2,
288,96,0,1,1,2,------0,0,0.0,------1,
291,97,1,1,1,2,------1,0,2.1474836E7,------2,
294,98,0,1,1,2,------0,0,0.0,------1,
297,99,1,1,1,2,------1,0,2.1474836E7,------2,
300,100,0,1,1,2,------0,0,0.0,------1,
303,101,1,1,1,2,------1,0,2.1474836E7,------2,
306,102,0,1,1,2,------0,0,0.0,------1,
309,103,1,1,1,2,------1,0,2.1474836E7,------2,
312,104,0,1,1,2,------0,0,0.0,------1,
315,105,1,1,1,2,------1,0,2.1474836E7,------2,
318,106,0,1,1,2,------0,0,0.0,------1,
321,107,1,1,1,2,------1,0,2.1474836E7,------2,
324,108,0,1,1,2,------0,0,0.0,------1,
327,109,1,1,1,2,------1,0,2.1474836E7,------2,
330,110,0,1,1,2,------0,0,0.0,------1,
333,111,1,1,1,2,------1,0,2.1474836E7,------2,
336,112,0,1,1,2,------0,0,0.0,------1,
339,113,1,1,1,2,------1,0,2.1474836E7,------2,
342,114,0,1,1,2,------0,0,0.0,------1,
345,115,1,1,1,2,------1,0,2.1474836E7,------2,
348,116,0,1,1,2,------0,0,0.0,------1,
351,117,1,1,1,2,------1,0,2.1474836E7,------2,
354,118,0,1,1,2,------0,0,0.0,------1,
357,119,1,1,1,2,------1,0,2.1474836E7,------2,
360,120,0,1,1,2,------0,0,0.0,------1,
363,121,1,1,1,2,------1,0,2.1474836E7,------2,
366,122,0,1,1,2,------0,0,0.0,------1,
369,123,1,1,1,2,------1,0,2.1474836E7,------2,
372,124,0,1,1,2,------0,0,0.0,------1,
375,125,1,1,1,2,------1,0,2.1474836E7,------2,
378,126,0,1,1,2,------0,0,0.0,------1,
381,127,1,1,1,2,------1,0,2.1474836E7,------2,
384,128,0,1,1,2,------0,0,0.0,------1,
387,129,1,1,1,2,------1,0,2.1474836E7,------2,
390,130,0,1,1,2,------0,0,0.0,------1,
393,131,1,1,1,2,------1,0,2.1474836E7,------2,
396,132,0,1,1,2,------0,0,0.0,------1,
399,133,1,1,1,2,------1,0,2.1474836E7,------2,
402,134,0,1,1,2,------0,0,0.0,------1,
405,135,1,1,1,2,------1,0,2.1474836E7,------2,
408,136,0,1,1,2,------0,0,0.0,------1,
411,137,1,1,1,2,------1,0,2.1474836E7,------2,
414,138,0,1,1,2,------0,0,0.0,------1,
417,139,1,1,1,2,------1,0,2.1474836E7,------2,
420,140,0,1,1,2,------0,0,0.0,------1,
423,141,1,1,1,2,------1,0,2.1474836E7,------2,
426,142,0,1,1,2,------0,0,0.0,------1,
429,143,1,1,1,2,------1,0,2.1474836E7,------2,
432,144,0,1,1,2,------0,0,0.0,------1,
435,145,1,1,1,2,------1,0,2.1474836E7,------2,
438,146,0,1,1,2,------0,0,0.0,------1,
441,147,1,1,1,2,------1,0,2.1474836E7,------2,
444,148,0,1,1,2,------0,0,0.0,------1,
447,149,1,1,1,2,------1,0,2.1474836E7,------2,
450,150,0,1,1,2,------0,0,0.0,------1,
453,151,1,1,1,2,------1,0,2.1474836E7,------2,
456,152,0,1,1,2,------0,0,0.0,------1,
459,153,1,1,1,2,------1,0,2.1474836E7,------2,
462,154,0,1,1,2,------0,0,0.0,------1,
465,155,1,1,1,2,------1,0,2.1474836E7,------2,
468,156,0,1,1,2,------0,0,0.0,------1,
471,157,1,1,1,2,------1,0,2.1474836E7,------2,
474,158,0,1,1,2,------0,0,0.0,------1,
477,159,1,1,1,2,------1,0,2.1474836E7,------2,
480,160,0,1,1,2,------0,0,0.0,------1,
483,161,1,1,1,2,------1,0,2.1474836E7,------2,
486,162,0,1,1,2,------0,0,0.0,------1,
489,163,1,1,1,2,------1,0,2.1474836E7,------2,
492,164,0,1,1,2,------0,0,0.0,------1,
495,165,1,1,1,2,------1,0,2.1474836E7,------2,
498,166,0,1,1,2,------0,0,0.0,------1,
501,167,1,1,1,2,------1,0,2.1474836E7,------2,
504,168,0,1,1,2,------0,0,0.0,------1,
507,169,1,1,1,2,------1,0,2.1474836E7,------2,
